1	0	5764
2	1334	6567
3	1974	6654
4	2614	6769
5	3254	6878
6	3894	6990
7	4534	7102
8	5174	7886
9	5814	8000
10	6454	8907
11	7094	9188
12	7734	9556
13	8374	10065
14	9014	10747
15	9654	13352
16	10294	13699
17	10934	13810
18	11574	13921
19	12214	14547
20	12854	14944
21	13494	15409
22	14134	15872
23	14774	16645
24	15414	17125
25	16054	18022
26	16694	18657
27	17334	19177
28	17974	19642
29	18614	20274
30	19254	20702
31	19894	21447
32	20534	21964
33	21174	22779
34	21814	23409
35	22454	24299
36	23094	24763
37	23734	25859
38	24374	26286
39	25014	26724
40	25654	27337
41	26294	27866
42	26934	33996
43	27574	34329
44	28214	34443
45	28854	35330
46	29494	35710
47	30134	35835
48	30774	35959
49	31414	36059
50	32054	36173
51	32694	36289
52	33334	36405
53	33974	36857
54	34614	36978
55	35254	37101
56	35894	37975
57	36534	38771
58	37174	39109
59	37814	39702
60	38454	40414
61	39094	40840
62	39734	41140
63	40374	41794
64	41014	42374
65	41654	43052
66	42294	43781
67	42934	44319
68	43574	45078
69	44214	45616
70	44854	46383
71	45494	47306
72	46134	47867
73	46774	48259
74	47414	49007
75	48054	49519
76	48694	50252
77	49334	50771
78	49974	54230
79	50614	54999
80	51254	55106
81	51894	55210
82	52534	55327
83	53174	55448
84	53814	55789
85	54454	55895
86	55094	56997
87	55734	57499
88	56374	58157
89	57014	59206
90	57654	59587
91	58294	60242
92	58934	60810
93	59574	61290
94	60214	62099
95	60854	62856
96	61494	63402
97	62134	63831
98	62774	64447
99	63414	65164
100	64054	65953
101	64694	66422
102	65334	67454
103	65974	67871
104	66614	68566
105	67254	68945
106	67894	69587
107	68534	70280
108	69174	70651
109	69814	71662
110	70454	72199
111	71094	74847
112	71734	75405
113	72374	75517
114	73014	75645
115	73654	75745
116	74294	76185
117	74934	76657
118	75574	77258
119	76214	77633
120	76854	78211
121	77494	78898
122	78134	79487
123	78774	80152
124	79414	80742
125	80054	81441
126	80694	82158
127	81334	83245
128	82012	83772
129	82652	84633
130	83292	85104
131	83932	85394
132	84572	86345
133	85212	87082
134	85852	87512
135	86492	88263
136	87132	88600
137	87772	89143
138	88412	90695
139	89052	91721
140	89692	92213
141	90332	92746
142	90972	92863
143	91612	93276
144	92252	93878
145	92892	94274
146	93532	95269
147	94172	95751
148	94812	96567
149	95452	97199
150	96092	97591
151	96732	98229
152	97372	98832
153	98012	100027
154	98652	100472
155	99292	101202
156	99932	101611
157	100572	101919
158	101212	103005
159	101852	103345
160	102492	104374
161	103132	104866
162	103772	105441
163	104412	106087
164	105052	106844
165	105692	107139
166	106332	107680
167	106972	108450
168	107612	109023
169	108252	109760
170	108892	110264
171	109532	111025
172	110172	111587
173	110812	112579
174	111452	112874
175	112092	115822
176	112732	116103
177	113372	116214
178	114012	116331
179	114652	116446
180	115292	117050
181	115932	118089
182	116572	118423
183	117212	118546
184	117852	119512
185	118492	120531
186	119132	120978
187	119772	121436
188	120412	121954
189	121052	122526
190	121692	123361
191	122332	123789
192	122972	124342
193	123612	125090
194	124252	126243
195	124892	126282
196	125532	127541
197	126172	127618
198	126812	128146
199	127452	128902
200	128092	129491
201	128732	130172
202	129372	130717
203	130012	131392
204	130652	131953
205	131292	132780
206	131932	133435
207	132572	136326
208	133212	136599
209	133852	136712
210	134492	136829
211	135132	136944
212	135772	137773
213	136412	138479
214	137052	138811
215	137692	138924
216	138332	139858
217	138972	140418
218	139612	141093
219	140252	141616
220	140892	142325
221	141532	142853
222	142172	143547
223	142812	144070
224	143452	144790
225	144092	145340
226	144732	146131
227	145372	146665
228	146012	147302
229	146652	147886
230	147292	149256
231	147932	149705
232	148572	150548
233	149212	151052
234	149852	152379
235	150492	154110
236	151132	154141
237	151772	154169
238	152413	156949
239	153053	156973
240	153693	157118
241	154333	157404
242	154973	157431
243	155613	157479
244	156253	157875
245	156893	158929
246	157533	159268
247	158173	159693
248	158813	160524
249	159453	161552
250	160093	161931
251	160733	162557
252	161373	162838
253	162013	163536
254	162653	164050
255	163293	164768
256	163933	165295
257	164573	166419
258	165213	166901
259	165853	167612
260	166493	167976
261	167133	168875
262	167773	169247
263	168413	170108
264	169053	170711
265	169693	171506
266	170333	172063
267	170973	172962
268	171613	173825
269	172253	174259
270	172893	174621
271	173533	177290
272	174173	177501
273	174813	177620
274	175453	177734
275	176093	178111
276	176733	178548
277	177373	179229
278	178013	179683
279	178653	180542
280	179293	181044
281	179933	181717
282	180573	182187
283	181213	182628
284	181853	184226
285	182493	184455
286	183133	185047
287	183773	185464
288	184413	185766
289	185053	186402
290	185693	187163
291	186333	188277
292	186973	188674
293	187613	189715
294	188253	190390
295	188893	190892
296	189533	191306
297	190173	191842
298	190813	192497
299	191453	192913
300	192093	193650
301	192733	194542
302	193373	195031
303	194013	195366
304	194653	196095
305	195293	198032
306	195933	198197
307	196573	199530
308	197213	200254
309	197853	200370
310	198493	200495
311	199133	201505
312	199773	201620
313	200413	202426
314	201053	203125
315	201693	203584
316	202333	204664
317	202973	205362
318	203613	205670
319	204253	205795
320	204893	206381
321	205533	207005
322	206173	207690
323	206813	208487
324	207453	209209
325	208093	210309
326	208733	211085
327	209373	211197
328	210013	212017
329	210653	212400
330	211293	212767
331	211933	213926
332	212573	215044
333	213213	218263
334	213853	218357
335	214493	218544
336	215133	218657
337	215773	218770
338	216413	218887
339	217053	219009
340	217693	219122
341	218333	220328
342	218973	220759
343	219613	221033
344	220253	221940
345	220893	222973
346	221533	223333
347	222173	223843
348	222813	224588
349	223453	225287
350	224093	225530
351	224733	226063
352	225373	226760
353	226013	227326
354	226653	228125
355	227293	228689
356	227933	229357
357	228573	229907
358	229213	230720
359	229853	231309
360	230493	232326
361	231133	232913
362	231773	233804
363	232413	234211
364	233053	234835
365	233693	235370
366	234333	235819
367	234973	238703
368	235613	239021
369	236253	239136
370	236893	239255
371	237533	239370
372	238173	239971
373	238813	240921
374	239453	241831
375	240093	241952
376	240733	242441
377	241373	243743
378	242013	244274
379	242653	245002
380	243293	248096
381	243933	248483
382	244573	248595
383	245213	249360
384	245853	249968
385	246496	250564
386	247136	250686
387	247776	250803
388	248416	251183
389	249056	251304
390	249696	251421
391	250336	252309
392	250976	252857
393	251616	253068
394	252256	253580
395	252896	254303
396	253536	254830
397	254176	255938
398	254816	256255
399	255456	259211
400	256096	259720
401	256736	259841
402	257376	259956
403	258016	260062
404	258656	260257
405	259296	260774
406	259936	261737
407	260576	262314
408	261216	262923
409	261856	263217
410	262496	264003
411	263136	265086
412	263776	265511
413	264416	266116
414	265056	267558
415	265696	268048
416	266336	268833
417	266976	268947
418	267616	270716
419	268256	270810
420	268896	270915
421	269536	271290
422	270176	271846
423	270816	272481
424	271456	272871
425	272096	273585
426	272736	274153
427	273376	274857
428	274016	275411
429	274656	276458
430	275296	279820
431	275936	280256
432	276576	280369
433	277216	280481
434	277856	280578
435	278496	280693
436	279136	281198
437	279776	281525
438	280416	282225
439	281056	282781
440	281696	283182
441	282336	284097
442	282976	284482
443	283616	285356
444	284256	286097
445	284896	286610
446	285536	286995
447	286176	287738
448	286816	288259
449	287456	288959
450	288096	289928
451	288736	290484
452	289376	291085
453	290016	291446
454	290656	292169
455	291296	292861
456	291936	293763
457	292576	294222
458	293216	294660
459	293856	295863
460	294496	296270
461	295136	296829
462	295776	297532
463	296416	298388
464	297056	299432
465	297696	300099
466	298336	300698
467	298976	300831
468	299616	301314
469	300256	301806
470	300896	302680
471	301536	303757
472	302176	303938
473	302816	304867
474	303456	305451
475	304096	306243
476	304736	306363
477	305376	307371
478	306016	307772
479	306656	308116
480	307296	308928
481	307936	309296
482	308576	310392
483	309216	311023
484	309856	311540
485	310496	311982
486	311136	312633
487	311776	313481
488	312416	314158
489	313056	314754
490	313696	315468
491	314336	316789
492	314976	317421
493	315616	317525
494	316256	317998
495	316896	318110
496	317536	320621
497	318176	320972
498	318816	321089
499	319456	321451
500	320096	322009
501	320736	322430
502	321376	323057
503	322016	323418
504	322656	324426
505	323296	325305
506	323936	325651
507	324576	326426
508	325216	326958
509	325856	327367
510	326496	328513
511	327136	328968
512	327776	329560
513	328416	330101
514	329056	330790
515	329696	331058
516	330336	331782
517	330976	332318
518	331616	333105
519	332256	333742
520	332896	334435
521	333536	334951
522	334176	335647
523	334816	336664
524	335456	337208
525	336096	337538
526	336736	341121
527	337376	341414
528	338016	341524
529	338656	341643
530	339296	341759
531	339936	341879
532	340576	342538
533	341216	343456
534	341856	343798
535	342496	343905
536	343136	345157
537	343776	345930
538	344416	346295
539	345056	346936
540	345696	347184
541	346336	348089
542	346976	348679
543	347616	349133
544	348256	349703
545	348896	350622
546	349536	351362
547	350176	351932
548	350816	352315
549	351456	353035
550	352096	353552
551	352736	354261
552	353376	354902
553	354016	355478
554	354656	356112
555	355296	356688
556	355936	357368
557	356576	358447
558	357216	358720
559	357856	361615
560	358496	361870
561	359136	361981
562	359776	362094
563	360416	362213
564	361056	362600
565	361696	363710
566	362336	364044
567	362976	364401
568	363616	365059
569	364256	366236
570	364896	367481
571	365536	367901
572	366176	368016
573	366816	368503
574	367456	369235
575	368096	369809
576	368736	370123
577	369376	370709
578	370016	371886
579	370656	372400
580	371296	373012
581	371936	373996
582	372576	374410
583	373216	375243
584	373856	375699
585	374496	376169
586	375136	376593
587	375776	377184
588	376416	377908
589	377056	378969
590	377696	382066
591	378336	382291
592	378976	382404
593	379616	382513
594	380256	382623
595	380896	382739
596	381536	382852
597	382176	387010
598	382816	387197
599	383456	388666
600	384096	389280
601	384736	389458
602	385376	389632
603	386016	389808
604	386656	390746
605	387296	391278
606	387936	392102
607	388576	392278
608	389216	392452
609	389856	393254
610	390496	393429
611	391136	393606
612	391776	394267
613	392416	394879
614	393056	395584
615	393696	395752
616	394336	396255
617	394976	396747
618	395616	397330
619	396256	397704
620	396896	398606
621	397536	399364
622	398176	399878
623	398816	400222
624	399456	401072
625	400096	401549
626	400736	402653
627	401376	402878
628	402016	403895
629	402656	404397
630	403296	404805
631	403936	405350
632	404576	406091
633	405216	407311
634	405856	407814
635	406496	409082
636	407136	409474
637	407776	409628
638	408416	409944
639	409056	410503
640	409696	411182
641	410336	411797
642	410976	412711
643	411616	413415
644	412256	413769
645	412896	415274
646	413536	416032
647	414176	416188
648	414816	416323
649	415456	416942
650	416096	417607
651	416736	418215
652	417376	419240
653	418016	419833
654	418656	420153
655	419296	423065
656	419936	423378
657	420576	423521
658	421216	423678
659	421856	423840
660	422496	424461
661	423136	425352
662	423776	425577
663	424416	426273
664	425056	426535
665	425696	427724
666	426336	428105
667	426976	428709
668	427616	429156
669	428256	430101
670	428896	430589
671	429536	430943
672	430176	431924
673	430816	432181
674	431456	432990
675	432096	433471
676	432736	434171
677	433376	434722
678	434016	435792
679	434656	436430
680	435296	437000
681	435936	437665
682	436576	438347
683	437216	439010
684	437856	439735
685	438496	440171
686	439136	440613
687	439776	443460
688	440416	444015
689	441056	444118
690	441696	444236
691	442336	444534
692	442976	444918
693	443616	445025
694	444256	446038
695	444896	446373
696	445536	447227
697	446176	448233
698	446816	448663
699	447456	449274
700	448096	449540
701	448736	450439
702	449376	450835
703	450016	451362
704	450656	452053
705	451297	452572
706	451937	453413
707	452577	453911
708	453217	454952
709	453857	455286
710	454497	455975
711	455137	456663
712	455777	457576
713	456417	458145
714	457057	458521
715	457697	459061
716	458337	459773
717	458977	460758
718	459617	461102
719	460257	463964
720	460897	464282
721	461537	464391
722	462177	464503
723	462817	464614
724	463457	465003
725	464097	466119
726	464737	466582
727	465377	467057
728	466017	467490
729	466657	468641
730	467297	469217
731	467937	469745
732	468577	470248
733	469217	470894
734	469857	471713
735	470497	472172
736	471137	472903
737	471777	473197
738	472417	474091
739	473057	474508
740	473697	475549
741	474337	476172
742	474977	476655
743	475617	477305
744	476257	477643
745	476897	478211
746	477537	478872
747	478177	479515
748	478817	480101
749	479457	481340
750	480097	481530
751	480737	484462
752	481377	484705
753	482017	484815
754	482657	484928
755	483297	485302
756	483937	485756
757	484577	486423
758	485217	486664
759	485857	487029
760	486497	488095
761	487137	488524
762	487777	489521
763	488417	489813
764	489057	490549
765	489697	491458
766	490337	491994
767	490977	492356
768	491617	492944
769	492257	493584
770	492897	494265
771	493537	494799
772	494177	495483
773	494817	496070
774	495457	496982
775	496097	497592
776	496737	498609
777	497377	498815
778	498017	499520
779	498657	500401
780	499297	500913
781	499937	501787
782	500577	502103
783	501217	503126
784	501857	503569
785	502497	504157
786	503137	504551
787	503777	505288
788	504417	505825
789	505057	506541
790	505697	507103
791	506337	507758
792	506977	508332
793	507617	509413
794	508257	509806
795	508897	510917
796	509537	512216
797	510177	512297
798	510817	515419
799	511457	516832
800	512097	517300
801	512737	517417
802	513377	517529
803	514017	518366
804	514657	519109
805	515297	519610
806	515937	519723
807	516577	519858
808	517217	520182
809	517857	520297
810	518497	520415
811	519137	521543
812	519777	522161
813	520417	522276
814	521057	522675
815	521697	525743
816	522337	526196
817	522977	526304
818	523617	526417
819	524257	527072
820	524897	527858
821	525537	528224
822	526177	528734
823	526817	529121
824	527457	529236
825	528097	530044
826	528737	530749
827	529377	531053
828	530017	531648
829	530657	532394
830	531297	534091
831	531937	535545
832	532577	536254
833	533217	536377
834	533857	536492
835	534497	536873
836	535137	537538
837	535777	537660
838	536417	538155
839	537057	538694
840	537697	539520
841	538337	539786
842	538977	540589
843	539617	541007
844	540257	541642
845	540897	542300
846	541537	542998
847	542177	545706
848	542817	546110
849	543457	546229
850	544097	546342
851	544737	546817
852	545377	547969
853	546017	548313
854	546657	548780
855	547297	549325
856	547937	550555
857	548577	550681
858	549217	551070
859	549857	552825
860	550497	553330
861	551137	553462
862	551777	553859
863	552417	554235
864	553057	554955
865	553697	555443
866	554337	556217
867	554977	556803
868	555617	557019
869	556257	557585
870	556897	558529
871	557537	559078
872	558177	559849
873	558817	560378
874	559457	561009
875	560097	561853
876	560737	562369
877	561377	563112
878	562017	563490
879	562657	566167
880	563297	566532
881	563937	566633
882	564577	566974
883	565217	567092
884	565857	567722
885	566497	568108
886	567137	568989
887	567777	569540
888	568417	570043
889	569057	571212
890	569697	571670
891	570781	572632
892	571421	573077
893	572061	573565
894	572701	574174
895	573341	574820
896	573981	575436
897	574621	576321
898	575261	576756
899	575901	577396
900	576541	578019
901	577181	578620
902	577821	579409
903	578461	579942
904	579101	580647
905	579741	581163
906	580381	581842
907	581021	582451
908	581661	583411
909	582301	583912
910	582941	586632
911	583581	587006
912	584221	587074
913	584861	587187
914	585501	587299
915	586141	588135
916	586781	588623
917	587421	589092
918	588061	589912
919	588701	590375
920	589341	591367
921	589983	591676
922	590623	592390
923	591263	592936
924	591903	593324
925	592543	594062
926	593183	594569
927	593823	595275
928	594463	595835
929	595103	596967
930	595743	597153
931	596383	597668
932	597023	598359
933	597663	599427
934	598303	600127
935	598943	600651
936	599583	601209
937	600223	604894
938	600863	605079
939	601503	606950
940	602143	607375
941	602783	607548
942	603423	608275
943	604063	608455
944	604703	608731
945	605343	608813
946	605983	609285
947	606623	609698
948	607263	610599
949	607903	611074
950	608543	611259
951	609183	611903
952	609823	612519
953	610463	612695
954	611103	613517
955	611743	614129
956	612383	614474
957	613023	614905
958	613663	616752
959	614303	617535
960	614943	617681
961	615583	617827
962	616223	618249
963	616863	618751
964	617503	619867
965	618143	620497
966	618783	620650
967	619423	621170
968	620063	621556
969	620703	622132
970	621343	623073
971	621983	623490
972	622623	624143
973	623263	624811
974	623903	627664
975	624543	627919
976	625183	628051
977	625823	628175
978	626463	628561
979	627103	629111
980	627743	629650
981	628383	629866
982	629023	630383
983	629663	631188
984	630303	631743
985	630943	632799
986	631583	633299
987	632223	634336
988	632863	634705
989	633503	635173
990	634143	636106
991	634783	636525
992	635423	637180
993	636063	637803
994	636703	638405
995	637343	638975
996	637983	639508
997	638623	640393
998	639263	640964
999	639903	641547
1000	640543	642371
