1	30	0
2	99	110
3	27	1073
4	80	1077
5	13	1074
6	138	1074
7	124	30
8	110	1045
9	97	1074
10	21	1074
11	4	1088
12	88	31
13	50	1075
14	68	1075
15	325	1087
16	144	2131
17	53	1074
18	19	1079
19	100	1043
20	10	1076
21	6	2157
22	385	40
23	20	1047
24	135	1079
25	23	2132
26	72	1073
27	23	1078
28	91	1078
29	156	1083
30	379	1077
31	227	31
32	92	1012
33	132	1073
34	8	1088
35	159	1081
36	57	1076
37	260	1076
38	20	1087
39	127	1078
40	22	1078
41	110	2139
42	61	1073
43	43	1055
44	8	6522
45	127	1074
46	131	1075
47	91	1077
48	132	1073
49	320	29
50	121	2367
51	15	1053
52	47	1055
53	57	1057
54	157	1055
55	68	2110
56	79	1055
57	98	1074
58	86	1072
59	285	1076
60	27	5512
61	83	1063
62	185	1088
63	358	1075
64	27	2132
65	277	1061
66	43	2106
67	12	1025
68	180	1027
69	87	59
70	135	1001
71	86	1074
72	24	1114
73	59	30
74	54	1045
75	35	1108
76	3	1086
77	13	1074
78	360	1073
79	207	32
80	72	1040
81	219	1072
82	6	1089
83	31	1072
84	109	1076
85	8	1086
86	19	35
87	2	1122
88	132	32
89	8	1083
90	68	35
91	58	1073
92	179	1074
93	190	30
94	29	1044
95	43	1075
96	628	1078
97	125	1044
98	110	1075
99	278	1054
100	125	2108
101	66	1055
102	114	1070
103	16	2328
104	80	1053
105	258	30
106	35	1010
107	132	1052
108	60	1058
109	60	108
110	69	1053
111	5	1067
112	7	30
113	189	1061
114	51	1048
115	22	1057
116	9	1087
117	254	1051
118	35	1054
119	145	1075
120	35	1075
121	3	31
122	28	26
123	36	1051
124	97	1052
125	17	1031
126	83	1772
127	177	1063
128	57	1051
129	6	1068
130	147	33
131	34	1080
132	18	1075
133	110	1077
134	98	1073
135	35	4482
136	16	1071
137	148	1082
138	57	1072
139	102	2081
140	2	1088
141	111	1077
142	35	1078
143	279	1084
144	3	2159
145	120	1077
146	124	1078
147	333	1197
148	40	2078
149	94	1085
150	313	1062
151	31	1046
152	402	1056
153	7	1085
154	102	31
155	152	1075
156	33	1093
157	98	1091
158	118	1073
159	131	1072
160	14	1073
161	22	1073
162	164	1073
163	340	2131
164	49	2131
165	260	1074
166	231	1076
167	139	1073
168	91	1073
169	20	1073
170	122	1073
171	5	1086
172	168	30
173	10	1072
174	191	1073
175	254	1076
176	111	1063
177	324	1074
178	186	2147
179	103	1072
180	55	1085
181	166	1075
182	155	1075
183	147	1072
184	57	1072
185	196	1073
186	15	1075
187	14	1076
188	1	1090
189	68	25
190	277	1031
191	12	1072
192	89	1073
193	179	1073
194	33	1073
195	6	1086
196	170	31
197	54	1100
198	33	1106
199	78	1073
200	34	1072
201	1	3107
202	473	75
203	241	1092
204	93	1071
205	43	1080
206	91	1072
207	87	1129
208	632	1072
209	43	1074
210	67	1073
211	88	1078
212	19	1134
213	12	1075
214	99	1074
215	8	1095
216	40	1073
217	68	1090
218	6	1065
219	12	1063
220	47	1063
221	39	47
222	39	2017
223	150	1074
224	30	1075
225	298	39
226	142	1219
227	5	1108
228	24	31
229	69	1103
230	26	5605
231	130	6109
232	56	1072
233	86	1079
234	69	1078
235	193	1047
236	81	1081
237	83	1077
238	22	1078
239	31	1078
240	420	1077
241	90	1074
242	163	1071
243	7	2139
244	320	30
245	100	1071
246	5	1086
247	116	1072
248	55	1098
249	67	1090
250	126	1074
251	39	1080
252	37	1101
253	187	1074
254	50	1076
255	14	1075
256	196	1095
257	59	3130
258	122	1104
259	128	1087
260	75	1073
261	443	1107
262	149	2073
263	98	2222
264	33	1077
265	56	1073
266	30	1075
267	55	1074
268	10	1074
269	93	1092
270	82	1073
271	79	1072
272	340	1074
273	112	1075
274	53	1075
275	60	1092
276	308	1074
277	217	33
278	325	1040
279	24	1072
280	29	1074
281	14	1072
282	49	1073
283	114	1074
284	74	1074
285	357	1076
286	79	2130
287	130	2860
288	393	1067
289	24	1072
290	28	1073
291	113	1070
292	241	1073
293	31	2195
294	18	1047
295	125	1401
296	226	1058
297	31	1057
298	17	1054
299	175	1056
300	69	1056
301	220	2124
302	59	1094
303	74	1070
304	20	1072
305	45	1073
306	54	1073
307	56	1074
308	125	1073
309	44	2138
310	4	1088
311	5	1099
312	3	33
313	17	1074
314	51	1075
315	173	1073
316	211	1075
317	263	1074
318	26	1073
319	19	1073
320	66	1073
321	151	1063
322	190	1075
323	24	1073
324	172	1074
325	36	1073
326	24	1099
327	39	30
328	20	1043
329	245	1060
330	115	1075
331	22	1088
332	41	1071
333	112	1074
334	99	1086
335	93	1073
336	187	1094
337	204	1073
338	40	1074
339	48	1073
340	137	1084
341	76	1104
342	379	1076
343	6	1089
344	52	30
345	21	1064
346	26	1071
347	10	1094
348	268	1073
349	56	1074
350	204	1031
351	15	1074
352	89	1074
353	36	1073
354	93	1118
355	28	1073
356	9	1075
357	107	1096
358	26	1074
359	59	1075
360	46	1074
361	11	1074
362	69	1106
363	110	29
364	90	1097
365	324	1077
366	69	2128
367	116	1037
368	142	1103
369	98	1072
370	154	1073
371	201	30
372	656	1042
373	39	1079
374	162	1103
375	112	1072
376	115	1071
377	20	1072
378	44	1120
379	523	1071
380	94	3121
381	29	1072
382	113	1071
383	13	2126
384	19	5029
385	319	1073
386	115	2132
387	32	1122
388	28	1079
389	15	1072
390	44	1072
391	35	1073
392	93	1072
393	118	1070
394	29	1079
395	119	1073
396	278	1073
397	48	30
398	162	1043
399	4	29
400	36	25
401	39	1052
402	151	1057
403	91	1137
404	108	1055
405	113	1054
406	17	1056
407	55	1015
408	299	1055
409	77	1054
410	43	1053
411	277	1054
412	24	2118
413	86	1076
414	65	1072
415	63	1073
416	96	1074
417	13	1078
418	200	1072
419	33	1072
420	58	1072
421	92	29
422	84	1042
423	333	1072
424	43	2135
425	159	1070
426	344	1073
427	24	1071
428	11	1072
429	36	30
430	48	1041
431	330	1073
432	74	2146
433	101	1072
434	88	1073
435	23	1071
436	112	1110
437	30	1072
438	10	1073
439	376	1074
440	105	2134
441	44	1054
442	164	1053
443	18	1056
444	59	1054
445	97	1011
446	11	1052
447	101	1124
448	49	1098
449	185	30
450	29	1012
451	164	1055
452	265	1054
453	12	1061
454	84	1058
455	41	1058
456	267	1057
457	123	45
458	21	1034
459	1	1069
460	134	42
461	46	6756
462	56	1066
463	18	4725
464	52	1062
465	37	1053
466	73	1054
467	63	1054
468	153	1055
469	127	1057
470	76	1059
471	154	1056
472	153	1056
473	16	1068
474	34	5570
475	49	1100
476	83	1053
477	29	1054
478	170	1055
479	86	1053
480	73	1054
481	18	1065
482	16	1046
483	209	25
484	64	979
485	69	1052
486	52	1056
487	98	1054
488	7	1053
489	703	1050
490	82	3070
491	30	1070
492	118	1070
493	67	1070
494	594	1070
495	56	1078
496	38	1078
497	96	1068
498	24	1071
499	200	1070
500	357	1069
501	114	29
502	22	1040
503	55	3117
504	21	1068
505	115	1069
506	3	1078
507	66	1068
508	10	1069
509	50	1068
510	67	1069
511	94	1050
512	85	1053
513	99	1053
514	73	1054
515	56	30
516	86	1050
517	3	1085
518	30	30
519	243	1069
520	219	1071
521	24	1069
522	9	1074
523	12	1103
524	20	29
525	60	1094
526	181	1070
527	39	2066
528	158	1074
529	192	1087
530	381	1070
531	9	1070
532	16	1071
533	108	1145
534	209	1069
535	123	1071
536	523	1072
537	123	1070
538	66	1095
539	22	1071
540	35	1070
541	10	1062
542	178	1062
543	244	1071
544	65	1071
545	22	1079
546	41	1103
547	140	1036
548	151	1064
549	69	1041
550	49	1072
551	43	1079
552	43	1133
553	40	1123
554	77	1078
555	10	1076
556	23	1064
557	49	1117
558	103	1070
559	98	1115
560	44	1070
561	50	1123
562	57	1071
563	62	1073
564	29	1072
565	15	1885
566	6	278
567	153	1081
568	63	1079
569	1	1084
570	168	29
571	30	1086
572	242	1069
573	11	1069
574	4	1081
575	36	1071
576	245	1071
577	22	1071
578	62	1072
579	151	1172
580	78	1091
581	185	1077
582	92	1045
583	21	1145
584	74	1110
585	183	1071
586	298	1070
587	19	1069
588	35	1194
589	329	1069
590	177	2132
591	40	1071
592	18	1070
593	11	1078
594	171	1078
595	451	1168
596	17	2104
597	16	1070
598	123	1143
599	27	29
600	2	1050
601	13	1070
602	4	1081
603	122	1069
604	16	1088
605	45	1071
606	22	1070
607	31	1068
608	46	1117
609	2	2129
610	51	41
611	169	1051
612	49	1056
613	102	1057
614	31	1057
615	51	1075
616	68	1078
617	130	40
618	107	1037
619	432	43
620	263	2034
621	8	1092
622	121	40
623	123	1077
624	6	1092
625	282	1077
626	126	2136
627	34	1069
628	75	1070
629	20	1070
630	69	2323
631	150	1068
632	1	1076
633	63	1067
634	63	1067
635	60	1067
636	266	1068
637	18	1067
638	158	1069
639	202	1068
640	36	1069
641	29	1068
642	14	1066
643	139	1054
644	196	1054
645	114	1054
646	47	1055
647	4	1058
648	7	27
649	291	1055
650	37	2108
651	76	1053
652	6	1066
653	77	1054
654	16	1052
655	13	1054
656	10	1055
657	100	4218
658	14	1043
659	389	1055
660	10	2078
661	174	1071
662	195	1071
663	106	1071
664	181	1072
665	88	1033
666	39	1070
667	268	1071
668	18	1070
669	134	1071
670	95	1069
671	19	1070
672	12	1071
673	125	1073
674	60	1071
675	1	1080
676	177	29
677	122	1045
678	98	1071
679	90	1073
680	71	1072
681	29	1072
682	80	1069
683	206	1071
684	158	1070
685	2	3895
686	2	97
687	58	1046
688	16	1055
689	102	1055
690	235	1056
691	265	1056
692	151	1056
693	34	1055
694	133	1054
695	78	1055
696	20	1055
697	132	1055
698	20	1055
699	181	1053
700	23	1620
701	34	1070
702	80	1070
703	62	26
704	6	1055
705	80	1054
706	525	1082
707	66	1071
708	155	1071
709	50	1077
710	10	1070
711	223	4252
712	47	4404
713	335	1069
714	20	2125
715	44	1070
716	45	1073
717	141	1076
718	4	1092
719	7	5015
720	82	43
721	135	1069
722	146	1069
723	124	1069
724	17	1069
725	86	1069
726	84	1070
727	128	1068
728	17	1069
729	32	1023
730	507	1070
731	351	2124
732	148	2123
733	99	25
734	170	1044
735	191	1069
736	38	1069
737	31	1260
738	170	892
739	119	468
740	30	1069
741	123	47
742	222	1682
743	33	36
744	35	30
745	10	38
746	101	31
747	15	30
748	109	31
749	6	30
750	30	31
751	7	30
752	55	30
753	273	30
754	41	30
755	6	30
756	222	30
757	45	30
758	90	76
759	35	30
760	24	30
761	102	31
762	68	31
763	428	30
764	8	30
765	61	31
766	147	30
767	49	30
768	18	30
769	90	30
770	24	31
771	29	30
772	103	31
773	310	31
774	67	30
775	10	30
776	161	30
777	212	30
778	130	33
779	125	30
780	29	30
781	35	30
782	141	30
783	4	33
784	64	31
785	54	30
786	161	31
787	45	30
788	15	30
789	60	31
790	109	30
791	91	30
792	21	30
793	37	30
794	118	30
795	41	30
796	92	30
797	57	30
798	29	30
799	79	30
800	24	30
801	25	30
802	5	30
803	71	31
804	65	30
805	249	31
806	223	31
807	136	30
808	11	30
809	61	30
810	17	30
811	29	30
812	291	34
813	14	31
814	21	30
815	85	30
816	232	30
817	17	34
818	95	41
819	191	31
820	71	1070
821	260	1073
822	82	1071
823	239	1101
824	88	2079
825	60	1068
826	65	1053
827	12	1053
828	35	1053
829	144	1053
830	263	1053
831	107	1052
832	40	1053
833	19	1052
834	288	1052
835	60	2105
836	19	1052
837	19	1053
838	65	1053
839	3	1063
840	467	1053
841	234	2072
842	83	1053
843	44	1053
844	124	1052
845	101	1053
846	54	24
847	275	1018
848	65	1075
849	24	1073
850	56	1073
851	11	1074
852	110	1074
853	108	1073
854	48	1074
855	322	1077
856	244	1015
857	95	1078
858	112	36
859	111	1044
860	48	1066
861	7	1093
862	218	1070
863	22	1070
864	112	1076
865	55	1072
866	38	2125
867	328	1076
868	13	1069
869	5	1067
870	23	1068
871	226	1068
872	98	1069
873	23	1068
874	15	1072
875	84	1071
876	9	1070
877	143	1064
878	17	1071
879	64	1070
880	64	1083
881	129	1070
882	10	1070
883	290	1070
884	35	1070
885	131	1069
886	59	1071
887	102	1070
888	194	1070
889	239	1071
890	30	1070
891	176	1069
892	55	2100
893	47	1071
894	50	26
895	312	1111
896	14	26
897	138	1042
898	117	1088
899	291	1078
900	95	1069
901	148	1054
902	46	1056
903	118	1054
904	2	1031
905	286	26
906	186	1057
907	5	1080
908	65	2111
909	23	1063
910	122	1055
911	217	4484
912	188	1214
913	48	1075
914	315	1056
915	160	2145
916	74	1056
917	188	1054
918	64	1055
919	13	1063
920	19	1055
921	28	1054
922	134	1055
923	229	1055
924	46	1055
925	256	1071
926	40	1056
927	32	1055
928	90	1055
929	48	3084
930	99	1054
931	155	1055
932	2	1080
933	57	25
934	13	1103
935	13	1082
936	194	1089
937	39	1068
938	13	1071
939	51	1070
940	45	1090
941	53	1375
942	158	1130
943	22	1103
944	122	1071
945	63	1070
946	231	58
947	14	1051
948	85	1117
949	91	1053
950	7	26
951	23	1020
952	12	987
953	40	1055
954	85	1054
955	102	1054
956	52	4582
957	97	1799
958	22	1069
959	203	1070
960	21	1069
961	103	1070
962	86	25
963	27	1045
964	41	1070
965	29	1069
966	37	1046
967	65	1070
968	235	1045
969	229	1070
970	144	1069
971	12	1069
972	25	25
973	107	1044
974	88	1071
975	94	1070
976	45	1071
977	35	1075
978	254	25
979	272	1046
980	98	1071
981	60	1070
982	23	1045
983	434	1071
984	38	1071
985	138	1070
986	191	75
987	1	944
988	123	25
989	35	1045
990	104	25
991	194	1045
992	6	1081
993	42	25
994	314	25
995	18	2101
996	21	1117
997	243	1070
998	128	1070
999	14	1068
1000	268	1071
1001	90	1071
1002	157	25
1003	113	1046
1004	30	1070
1005	8	1086
1006	23	1112
1007	134	1071
1008	444	1075
1009	111	2066
1010	85	1042
1011	6	1079
1012	25	1069
1013	149	1070
1014	51	1071
1015	224	1292
1016	293	25
1017	211	2104
1018	62	25
1019	39	1045
1020	136	1069
1021	101	1070
1022	91	25
1023	132	1045
1024	20	1069
1025	27	1070
1026	397	1070
1027	393	2108
1028	19	1069
1029	26	1073
1030	88	25
1031	24	1042
1032	7	1070
1033	86	1071
1034	325	1045
1035	80	2222
1036	125	1045
1037	92	1072
1038	209	29
1039	108	1041
1040	8	1068
1041	91	1071
1042	158	1069
1043	39	1071
1044	21	1071
1045	56	1072
1046	119	1069
1047	61	1087
1048	37	1046
1049	4	1091
1050	39	25
1051	16	1045
1052	46	1069
1053	127	1069
1054	167	1071
1055	182	1072
1056	56	1069
1057	128	1070
1058	119	1070
1059	179	1068
1060	15	25
1061	4	1055
1062	91	1070
1063	71	1070
1064	130	24
1065	191	1007
1066	39	28
1067	49	1042
1068	7	1044
1069	347	1071
1070	80	25
1071	114	1046
1072	512	1071
1073	62	2066
1074	75	1047
1075	115	1071
1076	78	22
1077	48	1028
1078	142	1069
1079	36	1068
1080	113	25
1081	34	1045
1082	155	1250
1083	39	1073
1084	23	1071
1085	142	1071
1086	207	1069
1087	12	1069
1088	58	1045
1089	152	1071
1090	24	1071
1091	76	1238
1092	339	24
1093	57	2070
1094	6	1060
1095	377	28
1096	20	1068
1097	3	1088
1098	32	1068
1099	5	1078
1100	222	29
1101	37	1038
1102	81	1069
1103	55	1068
1104	66	1069
1105	51	1069
1106	4	1078
1107	24	25
1108	48	25
1109	55	1043
1110	116	1067
1111	275	1069
1112	46	24
1113	17	1044
1114	17	1069
1115	90	1092
1116	12	1068
1117	49	1075
1118	130	1071
1119	53	1121
1120	95	1069
1121	76	1068
1122	22	22
1123	130	1022
1124	15	21
1125	49	1002
1126	25	1070
1127	5	1081
1128	99	1045
1129	7	1083
1130	67	26
1131	86	1044
1132	1	21
1133	4	21
1134	53	1044
1135	34	1069
1136	58	1070
1137	56	1070
1138	6	1057
1139	103	26
1140	21	1069
1141	135	1070
1142	122	1072
1143	25	1070
1144	244	25
1145	88	1044
1146	12	1071
1147	74	1069
1148	34	1044
1149	19	1069
1150	16	24
1151	81	1045
1152	18	998
1153	32	1069
1154	14	1071
1155	8	1070
1156	3	1079
1157	83	25
1158	61	1069
1159	105	1069
1160	10	1043
1161	51	1070
1162	5	1080
1163	87	28
1164	44	27
1165	2	1052
1166	52	22
1167	24	1021
1168	50	28
1169	35	1041
1170	37	1044
1171	71	1070
1172	19	1079
1173	1	1079
1174	11	1070
1175	75	1069
1176	101	1069
1177	160	1070
1178	7	1020
1179	145	1070
1180	23	1079
1181	17	1082
1182	5	1081
1183	17	25
1184	69	1070
1185	17	1070
1186	2	25
1187	17	22
1188	4	24
1189	1	21
1190	1	21
1191	87	21
1192	16	1070
1193	4	1080
1194	50	25
1195	12	1045
1196	13	1045
1197	18	1069
1198	41	1070
1199	23	1070
1200	5	1080
1201	5	25
1202	32	1069
1203	9	1077
1204	32	24
1205	8	1044
1206	11	1042
1207	229	1070
1208	108	27
1209	94	1041
1210	15	1069
1211	171	1069
1212	40	1095
1213	59	1070
1214	41	1070
1215	14	1070
1216	41	1045
1217	41	1069
1218	34	1069
1219	37	1068
1220	2	1154
1221	7	25
1222	18	25
1223	14	1044
1224	60	1069
1225	116	1070
1226	159	1069
1227	133	1070
1228	24	26
1229	112	1043
1230	27	1068
1231	11	1068
1232	64	35
1233	12	1043
1234	1	1058
1235	36	36
1236	37	1072
1237	4	1123
1238	14	26
1239	85	1043
1240	5	1059
1241	17	25
1242	16	1070
1243	31	1068
1244	57	1070
1245	12	1072
1246	20	1069
1247	32	1077
1248	46	22
1249	71	955
1250	6	1079
1251	6	25
1252	12	1077
1253	26	1076
1254	9	1093
1255	23	36
1256	1	1056
1257	9	43
1258	3	1080
1259	15	25
1260	41	25
1261	114	1081
1262	11	1071
1263	175	1274
1264	5	1082
1265	160	25
1266	18	1044
1267	15	1120
1268	15	1068
1269	19	1068
1270	7	1070
1271	6	1132
1272	41	1070
1273	14	1118
1274	22	1022
1275	32	1069
1276	31	1070
1277	4	1080
1278	45	996
1279	72	1067
1280	25	1069
1281	57	1069
1282	39	24
1283	298	1046
1284	33	1069
1285	13	1070
1286	13	1069
1287	56	1068
1288	24	1069
1289	36	1070
1290	1	1054
1291	11	25
1292	10	1031
1293	3	1079
1294	56	1044
1295	245	1071
1296	46	1070
1297	86	1188
1298	4	1078
1299	1	89
1300	20	1075
1301	119	66
1302	141	1096
1303	17	1121
1304	14	88
1305	38	70
1306	168	1097
1307	33	1100
1308	57	1098
1309	15	1122
1310	37	1171
1311	4	1113
1312	4	1119
1313	29	77
1314	2	1100
1315	37	67
1316	115	1107
1317	35	1073
1318	16	1069
1319	10	1070
1320	82	1068
1321	29	1069
1322	18	70
1323	290	980
1324	17	21
1325	4	1039
1326	11	1073
1327	26	1457
1328	42	1068
1329	64	1068
1330	28	1068
1331	8	1068
1332	26	1068
1333	37	1068
1334	22	1043
1335	1	1099
1336	12	1070
1337	41	1068
1338	45	1068
1339	34	1068
1340	28	1041
1341	100	1072
1342	77	1069
1343	6	1068
1344	57	1069
1345	214	1069
1346	113	25
1347	27	1042
1348	84	1022
1349	83	1068
1350	21	1069
1351	28	1069
1352	65	1043
1353	6	1081
1354	1	25
1355	14	21
1356	19	1052
1357	25	1096
1358	33	1051
1359	12	1053
1360	20	1084
1361	12	1053
1362	111	1051
1363	9	1073
1364	31	1053
1365	47	1053
1366	170	25
1367	37	1019
1368	22	21
1369	3	996
1370	195	1085
1371	32	1081
1372	22	1054
1373	99	1094
1374	24	1053
1375	199	1040
1376	57	1054
1377	77	1053
1378	23	1054
1379	50	1106
1380	72	1054
1381	11	1053
1382	61	21
1383	170	988
1384	148	25
1385	4	1049
1386	4	1074
1387	39	25
1388	34	1606
1389	1	1061
1390	36	1053
1391	19	1171
1392	23	1029
1393	26	1054
1394	11	1054
1395	46	1053
1396	31	1018
1397	25	1077
1398	352	986
1399	20	2107
1400	2	1067
1401	51	24
1402	6	1063
1403	41	25
1404	7	989
1405	110	1084
1406	1	1073
1407	1	29
1408	31	25
1409	34	1026
1410	4	21
1411	54	21
1412	77	1052
1413	94	1072
1414	6	1066
1415	61	26
1416	28	25
1417	27	1018
1418	94	25
1419	203	1043
1420	76	1053
1421	2	1092
1422	9	980
1423	15	1068
1424	17	1069
1425	40	1069
1426	75	1068
1427	106	1070
1428	8	1070
1429	24	1070
1430	18	25
1431	33	1044
1432	75	1021
1433	16	1080
1434	23	1099
1435	152	1071
1436	9	1076
1437	64	1071
1438	13	1054
1439	2	1073
1440	13	25
1441	89	1019
1442	11	1019
1443	84	1057
1444	66	1038
1445	15	1053
1446	2	24
1447	5	24
1448	60	1054
1449	17	1052
1450	10	1052
1451	1	1064
1452	2	24
1453	1	20
1454	56	20
1455	51	1023
1456	11	1067
1457	138	1068
1458	32	23
1459	2	1054
1460	40	1046
1461	3	1080
1462	5	1089
1463	4	57
1464	48	1055
1465	55	1052
1466	2	23
1467	2	20
1468	130	1010
1469	132	1055
1470	21	1055
1471	19	1052
1472	17	1178
1473	18	1054
1474	86	1045
1475	2	1064
1476	38	1053
1477	18	1055
1478	79	1054
1479	35	1054
1480	24	1026
1481	7	1074
1482	4	1068
1483	11	29
1484	37	28
1485	46	1059
1486	20	1057
1487	23	1071
1488	95	25
1489	18	1019
1490	14	1077
1491	201	1078
1492	59	1043
1493	9	1090
1494	65	1014
1495	7	1069
1496	25	17
1497	2	1042
1498	22	15
1499	16	1029
1500	26	12
1501	18	1007
1502	34	1020
1503	2	1054
1504	38	1058
1505	112	1059
1506	71	1033
1507	134	1058
1508	15	1013
1509	3	1058
1510	4	1040
1511	24	14
1512	15	1056
1513	12	1055
1514	64	1067
1515	22	1074
1516	116	19
1517	13	1068
1518	58	1067
1519	2	1074
1520	5	1068
1521	123	20
1522	45	1067
1523	35	1073
1524	1	16
1525	48	15
1526	177	1074
1527	13	1073
1528	6	1070
1529	28	19
1530	5	1068
1531	102	19
1532	22	1073
1533	22	1074
1534	319	19
1535	4	2090
1536	3	1054
1537	3	19
1538	10	1074
1539	13	1074
1540	81	18
1541	24	1067
1542	5	1067
1543	6	19
1544	6	1074
1545	31	19
1546	10	18
1547	6	1068
1548	41	1072
1549	1	1072
1550	113	1072
1551	10	1074
1552	150	1073
1553	1	1073
1554	97	1073
1555	55	1072
1556	83	19
1557	27	1068
1558	1	1068
1559	37	19
1560	42	1073
1561	5	1073
1562	3	15
1563	21	16
1564	29	20
1565	80	1067
1566	7	1115
1567	2	21
1568	9	16
1569	30	1030
1570	5	1059
1571	66	15
1572	47	1067
1573	61	1069
1574	49	1070
1575	53	1069
1576	41	1086
1577	65	1066
1578	37	1061
1579	27	1067
1580	26	17
1581	29	1046
1582	16	19
1583	2	1065
1584	150	1063
1585	23	1074
1586	6	16
1587	39	1065
1588	151	1071
1589	17	1071
1590	33	16
1591	18	1071
1592	72	1072
1593	109	1070
1594	33	1072
1595	19	1070
1596	67	1066
1597	34	1071
1598	74	1071
1599	29	1071
1600	21	1071
1601	36	1078
1602	45	19
1603	9	1066
1604	65	1074
1605	216	1072
1606	212	1078
1607	114	1072
1608	13	1065
1609	44	1070
1610	40	1071
1611	10	1072
1612	46	1070
1613	1	1073
1614	22	1071
1615	19	1071
1616	167	1063
1617	65	1072
1618	6	1070
1619	49	18
1620	70	1072
1621	20	1071
1622	13	1070
1623	12	1071
1624	43	1069
1625	1	1073
1626	15	19
1627	247	1065
1628	12	16
1629	159	1055
1630	102	1071
1631	67	1070
1632	31	1070
1633	10	1070
1634	14	1071
1635	34	1070
1636	82	1067
1637	5	1071
1638	12	1070
1639	4	1073
1640	17	1070
1641	4	1071
1642	5	1049
1643	4	19
1644	215	1072
1645	60	1071
1646	50	1071
1647	20	1072
1648	45	19
1649	22	1065
1650	32	1071
1651	10	1070
1652	14	1076
1653	13	1071
1654	3	1071
1655	53	19
1656	62	23
1657	52	1060
1658	7	1071
1659	10	19
1660	7	19
1661	42	1065
1662	56	1070
1663	7	1070
1664	17	1070
1665	18	1071
1666	3	29
1667	40	16
1668	73	1071
1669	2	1071
1670	30	1071
1671	8	1071
1672	1	1070
1673	37	19
1674	164	526
1675	25	1076
1676	157	16
1677	2	1066
1678	98	1077
1679	35	1122
1680	75	15
1681	8	1098
1682	21	1070
1683	8	1105
1684	60	17302
1685	82	1067
1686	87	1055
1687	12	1067
1688	1	1076
1689	28	14
1690	23	1067
1691	7	1067
1692	45	1067
1693	51	1067
1694	35	1067
1695	22	1067
1696	59	1067
1697	6	1066
1698	24	1067
1699	56	1066
1700	52	14
1701	40	1053
1702	14	17
1703	19	983
1704	61	1074
1705	3	1690
1706	2	15
1707	61	15
1708	3	20
1709	30	16
1710	120	1069
1711	88	1066
1712	52	1067
1713	72	1067
1714	8	16
1715	79	1051
1716	3	1076
1717	5	14
1718	40	14
1719	41	1054
1720	70	1054
1721	49	1074
1722	10	3408
1723	33	1053
1724	94	1060
1725	13	1050
1726	16	1054
1727	27	1052
1728	9	1058
1729	1	1058
1730	10	1058
1731	10	1070
1732	11	1008
1733	106	1065
1734	56	1058
1735	3	1058
1736	9	1057
1737	12	1058
1738	18	1054
1739	42	1058
1740	197	15
1741	49	1034
1742	37	1077
1743	35	1067
1744	3	1060
1745	4	14
1746	60	1054
1747	6	1074
1748	3	1061
1749	66	15
1750	30	23
1751	1	2020
1752	205	11
1753	98	11
1754	38	11
1755	10	11
1756	5	11
1757	54	11
1758	28	13
1759	9	13
1760	95	11
1761	181	11
1762	49	11
1763	48	78
1764	29	1067
1765	2	1078
1766	2	14
1767	6	11
1768	110	11
1769	3	1061
1770	14	11
1771	12	1033
1772	32	1067
1773	51	1065
1774	71	13
1775	37	1070
1776	8	11
1777	30	1061
1778	54	1074
1779	37	1072
1780	14	19
1781	225	1068
1782	11	1114
1783	4	23
1784	90	1073
1785	21	1073
1786	23	1071
1787	1	1108
1788	1	1064
1789	3	19
1790	101	1067
1791	13	1071
1792	61	15
1793	33	1059
1794	34	1065
1795	20	1070
1796	14	1078
1797	22	1072
1798	43	1073
1799	41	1073
1800	1	1064
1801	9	18
1802	9	1065
1803	33	1070
1804	30	19
1805	26	1064
1806	24	1070
1807	28	1070
1808	27	1072
1809	22	1071
1810	61	1070
1811	46	1077
1812	52	1065
1813	32	1073
1814	8	1071
1815	222	1071
1816	23	15
1817	55	1052
1818	48	18
1819	39	1085
1820	4	1074
1821	13	19
1822	12	1057
1823	40	1076
1824	3	1072
1825	5	19
1826	30	21
1827	23	1065
1828	197	1074
1829	27	1075
1830	43	19
1831	11	1064
1832	117	21
1833	20	1064
1834	29	1071
1835	18	1078
1836	98	1074
1837	15	1073
1838	4	23
1839	1	16
1840	3	1073
1841	20	19
1842	61	1073
1843	3	1072
1844	49	1099
1845	15	1047
1846	2	18
1847	92	16
1848	22	16
1849	17	1034
1850	103	1080
1851	95	1078
1852	69	1052
1853	41	1077
1854	65	15
1855	14	1055
1856	89	1072
1857	49	1072
1858	70	16
1859	77	1062
1860	19	1052
1861	6	1079
1862	23	1056
1863	26	1070
1864	11	11
1865	115	1042
1866	5	16
1867	119	1055
1868	130	1093
1869	38	1137
1870	3	1095
1871	2	21
1872	3	28
1873	20	17
1874	63	1057
1875	22	1052
1876	158	1025
1877	12	1276
1878	20	1080
1879	87	3068
1880	34	21
1881	12	1029
1882	42	1151
1883	7	1075
1884	25	1059
1885	35	1055
1886	9	1034
1887	21	21
1888	111	897
1889	58	3956
1890	52	11
1891	172	1008
1892	80	1046
1893	48	1081
1894	142	15
1895	45	1030
1896	23	15
1897	77	1029
1898	19	1030
1899	19	1055
1900	119	12
1901	5	1006
1902	6	1041
1903	57	15
1904	74	15
1905	37	1028
1906	100	1070
1907	264	1070
1908	61	1054
1909	3	1065
1910	39	1048
1911	23	1054
1912	31	1054
1913	37	1055
1914	2	15
1915	11	11
1916	63	1055
1917	45	1056
1918	24	1053
1919	8	1073
1920	40	14
1921	99	1059
1922	19	1061
1923	66	1055
1924	90	1051
1925	19	1055
1926	168	1055
1927	21	1055
1928	21	11
1929	56	1025
1930	33	1053
1931	55	1073
1932	28	15
1933	2	1059
1934	37	1054
1935	85	1054
1936	2	1040
1937	11	14
1938	10	1055
1939	42	1053
1940	38	1417
1941	4	1059
1942	44	1084
1943	9	1082
1944	26	1054
1945	155	1054
1946	47	1055
1947	27	1057
1948	18	1073
1949	35	1059
1950	21	1055
1951	33	1056
1952	2	1084
1953	67	15
1954	5	1040
1955	101	15
1956	4	15
1957	10	11
1958	8	1057
1959	1	1065
1960	71	1054
1961	44	1054
1962	235	15
1963	81	1028
1964	57	11
1965	15	1007
1966	24	15
1967	8	1030
1968	34	11
1969	90	1013
1970	24	1029
1971	2	1067
1972	4	1063
1973	38	14
1974	29	1053
1975	42	1056
1976	16	1028
1977	119	1055
1978	24	15
1979	1	1050
1980	18	1054
1981	109	1055
1982	306	1054
1983	127	2109
1984	21	1054
1985	20	1054
1986	3	1064
1987	42	15
1988	55	1055
1989	160	1054
1990	76	15
1991	5	1038
1992	53	1051
1993	107	1055
1994	171	14
1995	4	1037
1996	54	1055
1997	49	1054
1998	164	1054
1999	58	1055
2000	5	1064
2001	57	15
2002	29	1054
2003	107	1054
2004	1	1066
2005	24	15
2006	29	1052
2007	3	1065
2008	24	1054
2009	111	1055
2010	14	14
2011	30	1027
2012	113	1117
2013	50	1074
2014	5	1075
2015	1	15
2016	17	1084
2017	83	1055
2018	10	1094
2019	39	1055
2020	318	1122
2021	7	2109
2022	21	1055
2023	4	1065
2024	55	1056
2025	7	1113
2026	32	1056
2027	59	1055
2028	42	1055
2029	27	1119
2030	5	15
2031	3	1037
2032	56	15
2033	12	1057
2034	9	1054
2035	13	1054
2036	14	15
2037	8	1029
2038	36	1054
2039	13	1055
2040	25	1029
2041	67	1057
2042	7	1055
2043	36	1055
2044	34	1054
2045	16	1054
2046	52	1029
2047	60	1056
2048	61	19
2049	78	1025
2050	17	1054
2051	9	1054
2052	10	1054
2053	105	1055
2054	47	999
2055	38	1054
2056	17	1054
2057	17	1055
2058	19	1032
2059	128	1053
2060	2	1065
2061	6	15
2062	54	1083
2063	78	1054
2064	64	1053
2065	85	1056
2066	2	1064
2067	8	14
2068	9	1030
2069	37	1053
2070	12	2571
2071	7	1066
2072	168	1029
2073	34	1054
2074	17	1055
2075	23	1054
2076	22	11
2077	8	1042
2078	31	1056
2079	125	1068
2080	46	15
2081	4	1064
2082	25	2714
2083	206	1052
2084	2	16
2085	22	12
2086	30	1029
2087	4	1074
2088	2	15
2089	6	11
2090	27	1028
2091	13	1099
2092	2	1064
2093	76	20
2094	18	1055
2095	14	1055
2096	8	17
2097	104	937
2098	27	1053
2099	19	1053
2100	100	1055
2101	10	1054
2102	8	1055
2103	38	1054
2104	85	1055
2105	32	3102
2106	15	1028
2107	11	1059
2108	5	2125
2109	7	15
2110	1	1065
2111	35	20
2112	83	1053
2113	4	1065
2114	103	14
2115	242	1031
2116	66	17
2117	5	3036
2118	48	1055
2119	26	1059
2120	144	1087
2121	28	1075
2122	9	1054
2123	54	1054
2124	57	1053
2125	141	1054
2126	114	16
2127	78	1024
2128	4	1065
2129	20	15
2130	4	1040
2131	113	15
2132	13	1076
2133	10	1055
2134	30	15
2135	11	1031
2136	4	1049
2137	1	14
2138	16	1073
2139	22	1054
2140	59	1055
2141	4	1079
2142	36	1068
2143	35	1068
2144	11	1056
2145	3	1113
2146	16	1052
2147	85	1073
2148	19	15
2149	17	1053
2150	3	1051
2151	27	14
2152	7	1068
2153	5	1077
2154	22	1068
2155	42	1068
2156	2	1060
2157	49	14
2158	179	14
2159	7	1053
2160	17	1068
2161	4	1086
2162	5	17
2163	19	1053
2164	7	1068
2165	24	1067
2166	42	1054
2167	38	1067
2168	113	1069
2169	37	1069
2170	94	1069
2171	322	1069
2172	21	1068
2173	84	1069
2174	243	1055
2175	13	1069
2176	26	1069
2177	93	1069
2178	82	14
2179	207	1055
2180	101	1069
2181	88	1070
2182	17	14
2183	7	1055
2184	27	1070
2185	39	1069
2186	2	1077
2187	19	14
2188	3	1078
2189	49	14
2190	6	11
2191	79	1039
2192	4	14
2193	174	11
2194	259	1069
2195	27	1068
2196	61	1068
2197	21	1069
2198	65	1068
2199	4	1078
2200	33	1069
2201	58	1036
2202	30	1069
2203	3	1078
2204	11	1068
2205	26	1069
2206	96	14
2207	8	1055
2208	144	1069
2209	29	1068
2210	5	1079
2211	32	14
2212	95	1070
2213	7	1069
2214	125	1054
2215	19	1069
2216	32	1074
2217	7	1068
2218	7	1069
2219	76	1068
2220	25	1055
2221	32	1069
2222	37	11
2223	7	1043
2224	7	1069
2225	129	1069
2226	57	1069
2227	110	1070
2228	38	14
2229	1	1063
2230	9	1062
2231	74	1068
2232	3	1078
2233	87	14
2234	2	1078
2235	17	14
2236	33	1069
2237	58	1069
2238	3	14
2239	27	11
2240	3	14
2241	10	11
2242	1	1078
2243	68	14
2244	36	1043
2245	137	1069
2246	40	1069
2247	96	1070
2248	8	1069
2249	3	1082
2250	68	1069
2251	33	1068
2252	1	14
2253	66	14
2254	30	11
2255	8	1043
2256	82	1070
2257	53	1069
2258	25	17
2259	18	1052
2260	37	15
2261	8	1054
2262	14	1064
2263	24	1069
2264	130	14
2265	48	1054
2266	38	1070
2267	52	1069
2268	11	1069
2269	11	1069
2270	18	1069
2271	167	1070
2272	98	1069
2273	23	1068
2274	6	1078
2275	35	14
2276	88	1068
2277	91	1069
2278	7	1055
2279	14	1069
2280	5	1088
2281	4	14
2282	13	1069
2283	15	1069
2284	74	1069
2285	97	1069
2286	2	1080
2287	158	17
2288	2	14
2289	15	11
2290	43	1070
2291	15	1066
2292	5	1079
2293	24	14
2294	123	1069
2295	11	1069
2296	59	1248
2297	19	1076
2298	3	1079
2299	11	15
2300	28	1056
2301	33	1069
2302	24	1069
2303	181	1069
2304	200	1070
2305	48	1069
2306	23	1069
2307	6	1079
2308	2	1064
2309	23	14
2310	38	11
2311	13	1042
2312	42	1069
2313	59	1070
2314	17	1069
2315	1	1079
2316	43	1574
2317	11	1068
2318	109	1069
2319	7	1069
2320	28	1054
2321	72	1069
2322	94	1070
2323	209	1069
2324	25	14
2325	85	1055
2326	64	1069
2327	41	1070
2328	107	11
2329	5	1052
2330	30	1055
2331	4	1079
2332	60	1069
2333	35	1070
2334	6	1052
2335	9	14
2336	95	1055
2337	8	1068
2338	20	1069
2339	63	1039
2340	6	1079
2341	47	14
2342	59	11
2343	23	1043
2344	5	1079
2345	59	14
2346	1	1073
2347	1	14
2348	9	1069
2349	13	1069
2350	12	1069
2351	141	1069
2352	92	1042
2353	32	1069
2354	50	1069
2355	155	1069
2356	42	11
2357	49	1043
2358	1	1067
2359	43	14
2360	105	1068
2361	80	1067
2362	9	1068
2363	17	1028
2364	22	1054
2365	73	1068
2366	38	1069
2367	39	1068
2368	77	1068
2369	2	1078
2370	15	1120
2371	9	1019
2372	77	1068
2373	43	1078
2374	76	1068
2375	54	1068
2376	57	14
2377	44	1054
2378	127	1068
2379	67	1068
2380	8	954
2381	26	1065
2382	353	1053
2383	4	2146
2384	6	1077
2385	12	14
2386	29	14
2387	137	1056
2388	15	11
2389	84	1043
2390	16	1231
2391	72	1060
2392	58	14
2393	70	1052
2394	17	1068
2395	91	1071
2396	380	11
2397	19	2019
2398	39	11
2399	121	1044
2400	47	1092
2401	138	1078
2402	156	15
2403	18	1054
2404	34	1070
2405	174	1080
2406	22	1065
2407	71	1073
2408	42	1075
2409	82	1071
2410	47	17
2411	46	1068
2412	22	1019
2413	63	1056
2414	49	1054
2415	28	1055
2416	51	33
2417	68	1033
2418	20	1068
2419	208	1069
2420	150	11
2421	24	1154
2422	11	14
2423	29	1054
2424	6	1080
2425	33	15
2426	5	14
2427	18	1052
2428	38	1068
2429	41	1068
2430	2	11
2431	10	11
2432	7	1069
2433	123	1068
2434	6	1067
2435	1	14
2436	11	1050
2437	10	1067
2438	15	1069
2439	6	1068
2440	22	1068
2441	124	1069
2442	105	1062
2443	158	1068
2444	269	1061
2445	36	1069
2446	54	1064
2447	401	1070
2448	14	1067
2449	7	1069
2450	226	1061
2451	332	1060
2452	60	1067
2453	15	1072
2454	108	20
2455	45	1069
2456	21	1065
2457	245	1073
2458	20	1063
2459	27	1068
2460	48	1066
2461	110	1069
2462	140	1069
2463	134	1067
2464	31	1067
2465	127	1068
2466	60	1069
2467	117	1068
2468	140	1069
2469	35	1068
2470	2	1068
2471	62	14
2472	417	15
2473	79	2063
2474	273	1058
2475	115	2125
2476	15	13
2477	174	1064
2478	22	14
2479	130	1065
2480	76	14
2481	108	1048
2482	42	15
2483	239	1063
2484	38	1065
2485	109	1081
2486	90	14
2487	21	1054
2488	109	11
2489	341	1044
2490	149	11
2491	6	1051
2492	29	11
2493	22	1042
2494	32	1061
2495	17	1067
2496	191	17
2497	36	1058
2498	4	13
2499	46	11
2500	45	1063
2501	9	1068
2502	52	1055
2503	138	1068
2504	21	11
2505	105	1058
2506	254	1068
2507	53	1068
2508	46	2119
2509	3	1068
2510	93	10
2511	1	1053
2512	21	1045
2513	48	1067
2514	31	14
2515	22	1054
2516	20	1067
2517	154	1068
2518	229	14
2519	12	1053
2520	25	14
2521	184	1053
2522	53	1069
2523	20	1068
2524	1	13
2525	298	14
2526	336	1068
2527	63	2121
2528	38	1066
2529	125	1068
2530	5	19
2531	11	1059
2532	96	2122
2533	146	1068
2534	17	1067
2535	229	1068
2536	436	1061
2537	14	2068
2538	221	1064
2539	121	1067
2540	208	13
2541	38	1064
2542	38	1070
2543	155	1068
2544	148	1068
2545	361	1070
2546	110	1065
2547	75	1068
2548	39	1065
2549	324	1069
2550	101	1069
2551	50	1067
2552	152	1068
2553	126	1068
2554	4	14
2555	89	12
2556	6	1063
2557	163	1068
2558	78	1070
2559	60	1069
2560	55	1068
2561	234	1067
2562	140	15
2563	59	1054
2564	3	1078
2565	74	14
2566	32	14
2567	141	1054
2568	87	1053
2569	100	1069
2570	96	1069
2571	46	1068
2572	9	14
2573	23	1053
2574	3	1078
2575	10	14
2576	116	1054
2577	285	1069
2578	311	1067
2579	42	2125
2580	62	1067
2581	97	1068
2582	2	1064
2583	20	13
2584	79	1068
2585	131	1070
2586	357	26
2587	146	12
2588	89	1069
2589	41	1068
2590	61	1069
2591	120	1060
2592	77	1063
2593	5	1067
2594	25	1060
2595	54	1072
2596	224	24
2597	188	1064
2598	108	1068
2599	8	1073
2600	43	19
2601	61	1066
2602	57	16
2603	3	1062
2604	126	1073
2605	41	1075
2606	16	1069
2607	46	1072
2608	10	1069
2609	202	1075
2610	22	1068
2611	150	1069
2612	143	1068
2613	21	1069
2614	47	1064
2615	22	1069
2616	67	1069
2617	268	1071
2618	107	1054
2619	121	1068
2620	234	1069
2621	89	1068
2622	317	1069
2623	336	2125
2624	29	14
2625	7	1054
2626	73	1069
2627	41	1069
2628	74	14
2629	6	1060
2630	2	14
2631	53	11
2632	100	1066
2633	2	1068
2634	39	1064
2635	34	1066
2636	5	14
2637	35	1064
2638	30	1066
2639	119	1068
2640	6	1068
2641	215	14
2642	24	1068
2643	45	1068
2644	51	1068
2645	14	1068
2646	23	16
2647	31	1056
2648	60	11
2649	7	1043
2650	52	1069
2651	3	1078
2652	104	1068
2653	68	1106
2654	26	1069
2655	318	1069
2656	12	14
2657	8	1054
2658	15	1063
2659	63	1063
2660	2	14
2661	64	14
2662	18	11
2663	13	1060
2664	44	1068
2665	17	1067
2666	11	14
2667	7	1056
2668	34	13
2669	15	1064
2670	25	1068
2671	115	1068
2672	5	1070
2673	226	14
2674	45	13
2675	26	1065
2676	16	1061
2677	46	1067
2678	20	14
2679	61	1063
2680	87	1068
2681	113	1069
2682	55	1067
2683	11	1068
2684	54	14
2685	6	1064
2686	27	1068
2687	59	1067
2688	4	1068
2689	27	14
2690	83	1054
2691	30	1067
2692	27	11
2693	18	1031
2694	65	1068
2695	15	1069
2696	48	1068
2697	47	1069
2698	17	14
2699	36	1053
2700	69	1069
2701	48	1037
2702	79	1068
2703	8	1068
2704	5	14
2705	78	1054
2706	40	1019
2707	18	1066
2708	8	1068
2709	9	1068
2710	26	1069
2711	23	1068
2712	32	1068
2713	44	1069
2714	106	11
2715	14	1043
2716	62	1068
2717	34	1068
2718	87	1069
2719	19	1065
2720	23	14
2721	71	1062
2722	28	14
2723	35	1053
2724	9	1068
2725	14	1067
2726	5	1078
2727	88	14
2728	93	1049
2729	61	1067
2730	171	1069
2731	69	1060
2732	58	1068
2733	184	1069
2734	50	1054
2735	34	1069
2736	1	1078
2737	23	14
2738	23	1069
2739	12	1068
2740	18	1068
2741	2	1087
2742	17	14
2743	14	1054
2744	27	1066
2745	32	1089
2746	66	11
2747	69	1059
2748	37	16
2749	68	1067
2750	21	1076
2751	15	1074
2752	27	16
2753	35	1053
2754	1	1058
2755	130	13
2756	77	1059
2757	28	1068
2758	52	1067
2759	66	1068
2760	21	1069
2761	32	1063
2762	30	1068
2763	18	1067
2764	1	1063
2765	21	13
2766	16	1070
2767	3	1068
2768	18	11
2769	35	1054
2770	38	13
2771	113	1064
2772	1	1068
2773	45	14
2774	1	1061
2775	20	14
2776	26	1068
2777	2	1068
2778	12	1068
2779	2	1067
2780	23	1068
2781	1	1068
2782	79	1067
2783	42	1067
2784	19	14
2785	74	1014
2786	1	14
2787	13	11
2788	34	1053
2789	19	1054
2790	89	1029
2791	18	1053
2792	44	1054
2793	119	1053
2794	20	1054
2795	43	1053
2796	35	1028
2797	89	1054
2798	3	1040
2799	79	13
2800	167	1028
2801	17	1056
2802	56	1040
2803	18	1054
2804	60	1053
2805	16	1054
2806	32	1061
2807	2	1060
2808	4	1067
2809	2	13
2810	7	13
2811	9	1063
2812	8	1067
2813	4	1068
2814	50	1068
2815	3	1067
2816	67	1067
2817	26	1067
2818	22	1068
2819	24	1068
2820	11	1063
2821	2	1067
2822	21	1067
2823	73	1068
2824	91	1062
2825	2	1067
2826	205	1063
2827	5	1067
2828	100	15
2829	17	1053
2830	7	1068
2831	81	1069
2832	1	14
2833	7	11
2834	63	1068
2835	50	1068
2836	9	1067
2837	35	1068
2838	28	1067
2839	233	1072
2840	156	1071
2841	6	1067
2842	19	1067
2843	20	1066
2844	34	1067
2845	39	1067
2846	1	1067
2847	2	14
2848	22	11
2849	48	1056
2850	39	14
2851	1	1063
2852	36	1067
2853	19	1067
2854	29	1066
2855	57	1067
2856	23	1069
2857	33	1065
2858	4	1068
2859	10	14
2860	23	14
2861	35	1061
2862	49	35
2863	10	1024
2864	13	1068
2865	10	1068
2866	46	14
2867	52	1054
2868	51	1075
2869	152	1076
2870	161	1076
2871	51	1063
2872	34	14
2873	26	1065
2874	15	1076
2875	61	1076
2876	30	1068
2877	48	1065
2878	11	1067
2879	81	1068
2880	73	1068
2881	12	1067
2882	125	1069
2883	18	1067
2884	84	13
2885	17	1064
2886	26	1063
2887	20	1067
2888	124	14
2889	24	1064
2890	12	1067
2891	173	1069
2892	3	1068
2893	10	14
2894	97	1068
2895	45	1069
2896	11	1067
2897	3	1067
2898	25	1067
2899	48	1067
2900	85	1041
2901	128	1070
2902	17	1068
2903	7	1068
2904	11	14
2905	12	1054
2906	28	1067
2907	6	1079
2908	159	1068
2909	65	1068
2910	5	1078
2911	65	14
2912	38	1034
2913	25	1068
2914	14	1068
2915	224	1070
2916	104	1068
2917	22	1068
2918	1	20
2919	8	11
2920	216	1066
2921	63	1065
2922	58	1068
2923	110	1068
2924	76	1067
2925	13	1073
2926	22	1068
2927	9	1068
2928	26	11
2929	22	11
2930	9	13
2931	32	11
2932	9	11
2933	5	29072
2934	1	11
2935	17	11
2936	75	11
2937	71	11
2938	56	11
2939	45	14
2940	38	11
2941	12	11
2942	52	10
2943	245	11
2944	8	11
2945	53	17
2946	1	1078
2947	15	15
2948	109	1100
2949	16	1062
2950	22	11
2951	14	1052
2952	60	1069
2953	37	1071
2954	9	1071
2955	2	1070
2956	4	26
2957	125	17
2958	119	18
2959	6	1066
2960	3	1071
2961	2	17
2962	20	1072
2963	133	1071
2964	34	1079
2965	92	1728
2966	44	1056
2967	126	1068
2968	3	1078
2969	54	14
2970	10	1067
2971	12	1067
2972	2	1077
2973	54	17
2974	32	1068
2975	67	2430
2976	88	1065
2977	49	1070
2978	32	1073
2979	6	1072
2980	4	1064
2981	30	17
2982	50	1070
2983	157	1071
2984	5	1070
2985	23	17
2986	24	1070
2987	12	1071
2988	66	1070
2989	127	1070
2990	2	1070
2991	18	17
2992	33	1070
2993	10	1071
2994	128	1073
2995	54	1068
2996	228	16
2997	19	1061
2998	50	1069
2999	22	1071
3000	6	1065
3001	13	26
3002	18	1070
3003	10	1070
3004	17	1070
3005	114	1071
3006	27	1066
3007	3	1069
3008	18	18
3009	102	1065
3010	126	1074
3011	9	1069
3012	97	1070
3013	62	1069
3014	33	1071
3015	28	1070
3016	19	1070
3017	5	1071
3018	1	20
3019	137	16
3020	19	22
3021	11	1055
3022	161	1066
3023	19	1070
3024	154	17
3025	1	1066
3026	4	16
3027	32	16
3028	32	1073
3029	1	1070
3030	101	17
3031	35	1065
3032	23	1069
3033	67	1070
3034	4	1070
3035	1	17
3036	1	1065
3037	55	12
3038	137	1065
3039	1	1068
3040	51	1070
3041	2	1070
3042	5	1070
3043	31	1069
3044	13	1067
3045	25	1038
3046	29	1058
3047	73	1055
3048	59	1067
3049	29	1066
3050	168	1072
3051	9	1071
3052	12	16
3053	19	1063
3054	55	1069
3055	25	1071
3056	60	1071
3057	47	1071
3058	32	1072
3059	77	1071
3060	16	1071
3061	8	1070
3062	6	1066
3063	3	1072
3064	8	14
3065	143	1065
3066	127	1072
3067	24	1071
3068	11	1067
3069	14	1067
3070	50	1058
3071	80	1059
3072	33	1059
3073	44	1058
3074	64	1053
3075	41	1054
3076	2	1054
3077	11	13
3078	24	1051
3079	71	1058
3080	27	1029
3081	70	1058
3082	3	1058
3083	29	13
3084	21	1059
3085	20	1059
3086	14	15
3087	94	1043
3088	160	1058
3089	46	1058
3090	12	1049
3091	36	8348
3092	68	18
3093	9	1030
3094	30	1057
3095	29	1052
3096	21	1052
3097	87	1055
3098	7	1056
3099	167	1060
3100	201	1054
3101	23	1053
3102	13	1054
3103	67	2636
3104	40	1056
3105	66	1051
3106	101	13
3107	41	1049
3108	34	1060
3109	1	1071
3110	11	1066
3111	5	1061
3112	37	1064
3113	12	1064
3114	109	1048
3115	41	1064
3116	15	1062
3117	1	1085
3118	62	1025
3119	19	1065
3120	41	19
3121	1	1047
3122	15	1063
3123	10	1062
3124	147	1065
3125	27	1061
3126	11	1063
3127	40	1065
3128	45	1062
3129	45	1064
3130	20	1049
3131	7	1071
3132	24	1062
3133	260	1062
3134	58	1050
3135	59	1062
3136	23	1062
3137	10	1065
3138	7	1067
3139	70	1063
3140	6	1062
3141	66	1063
3142	42	1063
3143	25	1062
3144	84	1062
3145	14	1063
3146	107	1062
3147	57	1063
3148	21	1060
3149	80	1060
3150	31	1064
3151	2	1068
3152	71	1051
3153	8	1061
3154	233	19
3155	20	1042
3156	150	1063
3157	70	2658
3158	34	1062
3159	63	1064
3160	35	1063
3161	26	1062
3162	4	1062
3163	55	1062
3164	77	1062
3165	4	1064
3166	2	1068
3167	19	9
3168	5	1063
3169	2	1067
3170	52	1054
3171	44	1062
3172	102	4366
3173	83	1060
3174	35	1063
3175	121	1063
3176	15	1064
3177	18	1063
3178	2	1067
3179	3	9
3180	49	1063
3181	5	1062
3182	15	1062
3183	7	1063
3184	57	1063
3185	15	1062
3186	29	1063
3187	19	1063
3188	24	1063
3189	12	1062
3190	21	1062
3191	24	1063
3192	54	2117
3193	4	1063
3194	34	1063
3195	16	1062
3196	23	1063
3197	5	1063
3198	46	1063
3199	56	1062
3200	28	3062
3201	10	1062
3202	22	1063
3203	12	1062
3204	39	1062
3205	64	1063
3206	15	1062
3207	39	1062
3208	31	1062
3209	12	1063
3210	16	1060
3211	6	1062
3212	20	9
3213	17	1052
3214	72	1062
3215	10	1063
3216	20	1062
3217	71	1082
3218	10	1062
3219	40	1065
3220	25	1062
3221	4	1063
3222	4	1064
3223	10	1063
3224	4	1062
3225	81	1063
3226	2	1073
3227	2	9
3228	29	1062
3229	21	1062
3230	40	1063
3231	50	1062
3232	81	1063
3233	3	1068
3234	11	1062
3235	49	1063
3236	58	1062
3237	7	1063
3238	10	1063
3239	8	1062
3240	114	1063
3241	38	1062
3242	212	1063
3243	55	1062
3244	42	1062
3245	7	1062
3246	44	1063
3247	31	1062
3248	32	1062
3249	6	1062
3250	13	1062
3251	65	1063
3252	58	1062
3253	10	1062
3254	48	1063
3255	8	1062
3256	9	1063
3257	4	1063
3258	20	1070
3259	48	1061
3260	15	1062
3261	68	1063
3262	64	2117
3263	14	1062
3264	6	2062
3265	27	1063
3266	7	1062
3267	40	1062
3268	43	1063
3269	5	1062
3270	51	1062
3271	12	1063
3272	10	1062
3273	8	1062
3274	12	1062
3275	30	1063
3276	22	1063
3277	10	1062
3278	4	1062
3279	21	1062
3280	6	1062
3281	39	1062
3282	25	1033
3283	21	1062
3284	47	1062
3285	31	1063
3286	18	1063
3287	16	1062
3288	73	2117
3289	2	1069
3290	45	1063
3291	106	1063
3292	55	1062
3293	161	1063
3294	17	9
3295	23	1052
3296	9	1062
3297	11	1063
3298	32	1062
3299	12	1063
3300	15	1062
3301	9	1063
3302	13	2117
3303	33	1063
3304	2	1065
3305	39	9
3306	1	1068
3307	11	9
3308	50	1062
3309	34	1063
3310	7	1062
3311	15	1062
3312	2	1068
3313	50	9
3314	4	1063
3315	16	1063
3316	26	1063
3317	24	1063
3318	6	1062
3319	19	1063
3320	4	1063
3321	6	1062
3322	21	1062
3323	21	1063
3324	56	1063
3325	170	1063
3326	10	1062
3327	45	1063
3328	123	1062
3329	44	1063
3330	31	2117
3331	3	1073
3332	49	1063
3333	7	1062
3334	24	1063
3335	78	1062
3336	24	1062
3337	16	1063
3338	97	1063
3339	49	1063
3340	53	1062
3341	36	1063
3342	43	1062
3343	5	1062
3344	20	1063
3345	12	1062
3346	27	1062
3347	36	1062
3348	62	1062
3349	13	1063
3350	17	1062
3351	18	1062
3352	14	1052
3353	5	1063
3354	24	1062
3355	64	1063
3356	65	1062
3357	8	1062
3358	112	1062
3359	93	1064
3360	69	1063
3361	38	1062
3362	13	1063
3363	51	1062
3364	1	9
3365	58	7
3366	25	1052
3367	7	1063
3368	23	1063
3369	61	1062
3370	18	1062
3371	6	1062
3372	20	1063
3373	2	1068
3374	39	1062
3375	4	1063
3376	73	1046
3377	17	1063
3378	22	1062
3379	123	1063
3380	1	1068
3381	7	9
3382	8	1062
3383	6	1063
3384	3	1058
3385	32	9
3386	3	1032
3387	15	12
3388	27	1062
3389	18	1062
3390	20	1053
3391	6	1062
3392	15	1065
3393	52	1063
3394	51	1053
3395	186	1063
3396	11	1063
3397	1	1068
3398	8	1050
3399	68	1063
3400	14	1062
3401	25	1062
3402	26	1063
3403	9	1062
3404	47	1062
3405	9	1062
3406	7	1063
3407	16	1063
3408	10	1080
3409	28	1046
3410	18	1052
3411	10	1062
3412	31	1062
3413	50	1062
3414	18	9
3415	95	1053
3416	24	1029
3417	3	1068
3418	10	9
3419	77	1052
3420	21	1062
3421	15	1062
3422	34	1063
3423	66	1062
3424	81	1062
3425	62	1063
3426	13	1062
3427	28	1062
3428	2	9
3429	9	7
3430	7	1062
3431	33	1062
3432	49	1052
3433	4	1062
3434	65	1062
3435	1	1068
3436	16	1062
3437	26	1062
3438	24	1043
3439	12	1062
3440	59	1063
3441	9	1062
3442	22	1062
3443	56	1062
3444	55	1062
3445	46	1063
3446	8	1062
3447	30	1063
3448	2	1068
3449	17	9
3450	71	1062
3451	14	1062
3452	112	9
3453	10	1053
3454	16	1062
3455	157	1063
3456	35	1062
3457	11	1062
3458	3	7
3459	61	1046
3460	43	1053
3461	29	1062
3462	10	1062
3463	17	1063
3464	2	9
3465	32	7
3466	28	1063
3467	45	1063
3468	6	1063
3469	4	1062
3470	33	1063
3471	7	1062
3472	65	9
3473	12	1052
3474	147	102
3475	16	1098
3476	10	46
3477	1	52
3478	1	1094
3479	44	48
3480	40	1090
3481	260	1091
3482	23	48
3483	71	47
3484	28	1091
3485	12	1095
3486	4	1091
3487	30	47
3488	54	1092
3489	3	1095
3490	15	49
3491	27	47
3492	6	1091
3493	21	63
3494	3	1068
3495	9	9
3496	9	1053
3497	4	1062
3498	10	9
3499	32	1053
3500	64	1062
3501	14	1062
3502	29	1062
3503	101	1062
3504	6	1062
3505	123	1062
3506	133	1062
3507	21	1062
3508	29	1062
3509	38	1063
3510	56	1062
3511	103	1062
3512	7	1062
3513	2	1067
3514	56	1062
3515	67	1062
3516	14	1062
3517	11	1062
3518	43	1062
3519	2	1068
3520	9	1062
3521	26	1063
3522	86	1052
3523	1	1067
3524	15	1052
3525	43	1019
3526	1	1067
3527	21	9
3528	10	1063
3529	9	1062
3530	30	1062
3531	42	1062
3532	55	1062
3533	84	1062
3534	98	1062
3535	69	1063
3536	13	1062
3537	2	1066
3538	15	1062
3539	21	1062
3540	90	1053
3541	29	1062
3542	101	1063
3543	35	1062
3544	31	1062
3545	12	1061
3546	50	1064
3547	124	1062
3548	104	1053
3549	27	1062
3550	1	1067
3551	118	9
3552	18	1062
3553	21	1062
3554	38	9
3555	57	1053
3556	2	1067
3557	38	9
3558	41	1062
3559	45	1062
3560	127	1063
3561	7	1062
3562	76	9
3563	29	1052
3564	53	1062
3565	5	1062
3566	2	9
3567	24	7
3568	54	1062
3569	9	1062
3570	10	2107
3571	9	1062
3572	21	1063
3573	1	1067
3574	24	1062
3575	43	1062
3576	26	1063
3577	16	1062
3578	17	1062
3579	42	1062
3580	58	10
3581	48	1052
3582	15	1062
3583	21	1062
3584	82	1061
3585	132	1062
3586	39	9
3587	57	1053
3588	24	7
3589	83	1045
3590	12	1062
3591	13	1062
3592	6	9
3593	19	1052
3594	7	1062
3595	2	1072
3596	10	1062
3597	28	1062
3598	35	1063
3599	4	1062
3600	4	1053
3601	50	1062
3602	76	1062
3603	40	1063
3604	18	1063
3605	6	1062
3606	29	9
3607	40	1053
3608	128	1063
3609	78	1030
3610	118	1063
3611	7	1062
3612	21	1061
3613	66	1062
3614	24	1062
3615	38	1063
3616	17	1063
3617	3	1067
3618	6	1062
3619	15	1062
3620	44	9
3621	55	1053
3622	11	1062
3623	23	1062
3624	24	1052
3625	6	1062
3626	3	1056
3627	28	9
3628	8	9
3629	37	1052
3630	17	1061
3631	11	1063
3632	35	1062
3633	28	1062
3634	14	1063
3635	126	1062
3636	37	1062
3637	1	1067
3638	7	1066
3639	65	1062
3640	6	1063
3641	8	1062
3642	3	1057
3643	12	12
3644	13	9
3645	69	1226
3646	11	1051
3647	9	1062
3648	27	12
3649	26	1048
3650	19	1061
3651	13	1061
3652	66	1061
3653	13	1062
3654	3	1066
3655	69	9
3656	2	1058
3657	4	31
3658	2	1056
3659	8	9
3660	4	7
3661	18	1044
3662	68	9
3663	9	1051
3664	105	1061
3665	22	1061
3666	8	1052
3667	40	1061
3668	58	9
3669	1	1056
3670	9	1052
3671	10	1061
3672	26	1062
3673	1	1067
3674	12	1061
3675	14	1061
3676	17	1061
3677	31	1062
3678	27	1051
3679	56	1061
3680	82	1052
3681	40	1061
3682	43	1062
3683	44	1064
3684	14	1061
3685	8	1062
3686	7	1044
3687	6	1061
3688	8	1060
3689	78	1061
3690	19	1062
3691	48	1061
3692	105	1061
3693	61	1062
3694	27	1062
3695	77	1062
3696	37	1061
3697	155	1062
3698	199	1061
3699	282	1061
3700	54	1061
3701	24	1061
3702	48	1069
3703	227	1062
3704	111	1019
3705	230	1058
3706	26	1061
3707	271	1061
3708	218	1061
3709	39	1062
3710	8	1052
3711	35	1062
3712	69	1061
3713	184	1061
3714	125	1062
3715	262	1062
3716	56	1052
3717	190	1061
3718	194	1052
3719	13	1061
3720	16	1052
3721	59	1061
3722	109	1062
3723	12	1061
3724	51	1051
3725	19	1061
3726	65	9
3727	17	1051
3728	2	1066
3729	18	9
3730	77	1052
3731	22	1061
3732	27	9
3733	14	1054
3734	43	1062
3735	8	1061
3736	101	1062
3737	16	1061
3738	43	1052
3739	83	1061
3740	209	1062
3741	2	1067
3742	35	1061
3743	3	1073
3744	97	1064
3745	7	1061
3746	26	1061
3747	18	1062
3748	159	9
3749	135	1052
3750	129	1061
3751	95	1062
3752	205	1062
3753	64	1061
3754	206	1062
3755	246	1062
3756	6	1049
3757	60	1060
3758	378	1062
3759	19	2115
3760	394	1044
3761	58	2061
3762	13	1061
3763	55	1061
3764	77	1061
3765	288	1062
3766	32	1061
3767	11	1061
3768	76	1061
3769	404	1061
3770	115	1051
3771	191	1062
3772	212	1061
3773	153	1062
3774	20	1061
3775	72	1062
3776	5	9
3777	106	1051
3778	11	1061
3779	51	1061
3780	1	1057
3781	122	9
3782	25	1044
3783	19	1062
3784	16	1067
3785	42	1062
3786	56	1062
3787	49	1061
3788	14	9
3789	12	1051
3790	2	1067
3791	48	9
3792	55	1062
3793	71	1061
3794	4	1051
3795	69	1062
3796	89	1062
3797	55	1061
3798	176	1062
3799	11	1060
3800	12	9
3801	25	1052
3802	106	1062
3803	4	1061
3804	66	10
3805	74	1051
3806	51	1062
3807	1	1067
3808	38	1062
3809	30	1062
3810	70	1062
3811	9	1061
3812	1	1067
3813	7	12
3814	45	1062
3815	29	1061
3816	8	9
3817	35	1052
3818	2	1067
3819	9	9
3820	43	1062
3821	1	1066
3822	1	1067
3823	11	9
3824	21	1063
3825	32	1062
3826	50	1053
3827	10	1062
3828	1	9
3829	46	7
3830	93	1052
3831	14	1061
3832	178	1062
3833	110	1061
3834	1	9
3835	208	7
3836	61	9
3837	8	1052
3838	12	1062
3839	15	1062
3840	32	1062
3841	8	1061
3842	13	9
3843	4	1052
3844	25	1062
3845	7	1061
3846	1	1067
3847	12	12
3848	12	1044
3849	35	1062
3850	20	1062
3851	6	1061
3852	22	1061
3853	2	1066
3854	5	9
3855	9	1052
3856	12	1061
3857	101	1062
3858	62	9
3859	38	1052
3860	74	7
3861	9	1044
3862	18	1051
3863	4	1061
3864	8	1061
3865	11	1062
3866	57	1061
3867	21	1060
3868	11	9
3869	25	1052
3870	28	1062
3871	48	1062
3872	65	1061
3873	53	1061
3874	30	9
3875	76	1052
3876	13	1061
3877	199	1043
3878	21	1052
3879	20	1063
3880	9	9
3881	1	1061
3882	99	1052
3883	82	1061
3884	74	1040
3885	126	1061
3886	6	1061
3887	46	1042
3888	362	1062
3889	7	2114
3890	16	1062
3891	165	1061
3892	164	1063
3893	387	1062
3894	25	1063
3895	79	1063
3896	37	1061
3897	65	1063
3898	266	9
3899	173	1052
3900	170	1062
3901	76	1061
3902	252	9
3903	180	1051
3904	15	1062
3905	60	1062
3906	125	1062
3907	13	1060
3908	12	1037
3909	47	1061
3910	5	1044
3911	35	1062
3912	80	1061
3913	36	1061
3914	39	1062
3915	45	1061
3916	41	1061
3917	6	1061
3918	62	1062
3919	68	1062
3920	175	1061
3921	78	1061
3922	9	1061
3923	16	1061
3924	45	9
3925	18	1052
3926	43	1061
3927	97	1062
3928	24	1061
3929	6	1062
3930	46	9
3931	69	1052
3932	55	1061
3933	5	1062
3934	13	1061
3935	73	1062
3936	18	1051
3937	15	1062
3938	21	1061
3939	7	1061
3940	27	1061
3941	12	1062
3942	13	1062
3943	14	1061
3944	12	1061
3945	27	1061
3946	3	1066
3947	40	9
3948	28	1062
3949	11	1107
3950	5	1061
3951	16	1063
3952	2	1057
3953	35	9
3954	8	9
3955	100	1051
3956	50	1052
3957	30	1062
3958	36	1062
3959	8	1061
3960	120	9
3961	25	1051
3962	9	7
3963	69	1045
3964	22	1051
3965	1	1066
3966	148	1062
3967	31	1060
3968	13	1825
3969	38	1020
3970	22	1053
3971	3	1058
3972	28	1035
3973	32	1055
3974	3	11
3975	14	1043
3976	173	1057
3977	44	1052
3978	5	9
3979	92	1040
3980	9	1041
3981	105	1054
3982	35	9
3983	41	1038
3984	57	1054
3985	48	1054
3986	13	1055
3987	21	1055
3988	27	7
3989	5	1028
3990	82	10
3991	1	1044
3992	3	1061
3993	24	10
3994	33	1054
3995	2	1061
3996	48	9
3997	13	1041
3998	32	1038
3999	2	1047
4000	21	14
4001	21	1040
4002	4	1051
4003	5	27
4004	4	1041
4005	23	15
4006	8	1051
4007	22	1054
4008	19	12
4009	30	1035
4010	15	1049
4011	52	1059
4012	44	1028
4013	82	1055
4014	6	1059
4015	43	15
4016	29	10
4017	22	1027
4018	10	1048
4019	145	1043
4020	41	9
4021	26	1045
4022	48	1053
4023	7	1054
4024	33	1057
4025	103	1062
4026	101	1061
4027	6	1052
4028	3	1061
4029	30	9
4030	88	1061
4031	4	1062
4032	40	1080
4033	76	1061
4034	81	1047
4035	69	1190
4036	10	10
4037	2	1059
4038	5	1063
4039	15	1063
4040	4	1065
4041	35	9
4042	6	1063
4043	44	1065
4044	46	37
4045	15	1008
4046	2	12
4047	1	8
4048	99	1068
4049	5	1080
4050	11	1067
4051	12	1066
4052	6	1067
4053	95	1067
4054	8	7
4055	10	1045
4056	107	12
4057	75	1051
4058	38	1053
4059	34	1067
4060	10	11
4061	25	1053
4062	2	18
4063	87	9
4064	22	1051
4065	13	1052
4066	4	3313
4067	43	16
4068	38	1018
4069	54	1050
4070	10	1054
4071	5	1056
4072	29	1054
4073	16	1054
4074	12	12
4075	47	1037
4076	7	1052
4077	5	1054
4078	90	10
4079	9	1037
4080	43	1054
4081	12	1054
4082	10	1084
4083	8	1054
4084	5	9
4085	9	1039
4086	22	9
4087	11	1039
4088	46	1054
4089	58	1057
4090	12	1054
4091	55	1054
4092	68	1056
4093	184	1053
4094	5	1054
4095	35	1055
4096	49	1042
4097	9	1052
4098	19	10
4099	52	1038
4100	5	1055
4101	39	1054
4102	4	1110
4103	14	10
4104	34	1051
4105	13	1061
4106	75	1079
4107	11	1060
4108	23	10
4109	6	1051
4110	7	1051
4111	27	1062
4112	38	1053
4113	48	1051
4114	48	1055
4115	12	1055
4116	4	1039
4117	23	1054
4118	60	9
4119	34	1039
4120	63	1053
4121	42	1055
4122	3	1059
4123	35	9
4124	12	1054
4125	11	1053
4126	16	1054
4127	23	1055
4128	18	1040
4129	13	1055
4130	8	9
4131	92	1039
4132	14	1053
4133	85	1053
4134	56	9
4135	12	1039
4136	20	1054
4137	58	1054
4138	35	1054
4139	12	1055
4140	23	1055
4141	33	1054
4142	8	1054
4143	4	1054
4144	6	1055
4145	9	1055
4146	29	7
4147	63	1028
4148	22	12
4149	34	1037
4150	7	1054
4151	48	1053
4152	78	9
4153	9	1040
4154	15	1054
4155	3	1059
4156	16	1055
4157	10	1054
4158	23	1054
4159	1	1069
4160	1	1060
4161	24	10
4162	3	1059
4163	21	9
4164	23	1055
4165	24	1057
4166	15	1053
4167	6	1054
4168	11	7
4169	123	1016
4170	46	7
4171	38	1028
4172	16	1054
4173	5	1022
4174	110	1055
4175	2	1063
4176	2	1062
4177	22	10
4178	31	1055
4179	27	1054
4180	1	1066
4181	65	9
4182	5	1051
4183	2	1067
4184	1	1067
4185	45	9
4186	6	9
4187	11	1042
4188	50	1061
4189	1	1067
4190	23	1062
4191	4	1062
4192	14	1054
4193	9	1054
4194	1	1065
4195	2	9
4196	44	1053
4197	13	1054
4198	5	1054
4199	44	1053
4200	46	1054
4201	4	1054
4202	35	9
4203	50	1039
4204	4	1054
4205	10	1057
4206	30	1038
4207	36	1054
4208	19	1054
4209	29	1054
4210	52	1040
4211	3	1068
4212	73	1055
4213	6	1053
4214	20	7
4215	9	1029
4216	2	1069
4217	95	13
4218	38	9
4219	5	1052
4220	31	1051
4221	28	1045
4222	23	1061
4223	2	1067
4224	52	1052
4225	34	1061
4226	34	7
4227	3	1050
4228	31	1062
4229	6	1061
4230	7	1052
4231	40	1062
4232	5	1061
4233	26	1062
4234	32	1061
4235	80	1062
4236	20	1062
4237	4	1061
4238	4	1051
4239	11	1084
4240	33	1060
4241	32	1061
4242	32	1062
4243	16	1061
4244	19	1052
4245	11	1061
4246	46	1061
4247	11	1061
4248	30	9
4249	33	1052
4250	39	1061
4251	5	1062
4252	10	1063
4253	1	1067
4254	33	1063
4255	12	1062
4256	8	1062
4257	1	1068
4258	20	9
4259	11	1052
4260	5	1062
4261	101	1063
4262	59	10
4263	5	1042
4264	33	1063
4265	6	1062
4266	7	1061
4267	114	1064
4268	5	1042
4269	48	1062
4270	19	1062
4271	3	1067
4272	31	1063
4273	22	1062
4274	10	1062
4275	12	1064
4276	33	1063
4277	27	1062
4278	24	1063
4279	49	1063
4280	10	1063
4281	3	1071
4282	4	1062
4283	116	1063
4284	21	1062
4285	6	1063
4286	14	1061
4287	16	1062
4288	77	1062
4289	32	1062
4290	12	1063
4291	35	1062
4292	80	10
4293	16	1052
4294	11	1062
4295	3	1068
4296	18	1062
4297	7	1062
4298	13	1063
4299	4	1062
4300	14	1052
4301	22	1039
4302	2	1068
4303	65	9
4304	10	1061
4305	34	1065
4306	138	10
4307	56	1053
4308	76	1063
4309	14	1062
4310	15	1062
4311	22	1062
4312	56	1053
4313	14	1062
4314	8	1062
4315	48	1062
4316	20	1045
4317	4	1062
4318	7	1063
4319	35	1062
4320	67	1063
4321	7	1063
4322	45	1062
4323	7	1062
4324	3	1067
4325	11	9
4326	63	10
4327	2	1057
4328	17	1061
4329	79	1062
4330	91	1062
4331	1	1067
4332	5	1060
4333	109	1064
4334	30	1062
4335	33	1062
4336	39	1063
4337	26	1062
4338	90	10
4339	8	1053
4340	6	1062
4341	10	1063
4342	18	1062
4343	1	1072
4344	4	9
4345	18	1053
4346	1	1058
4347	7	9
4348	22	1052
4349	7	1063
4350	2	1067
4351	6	9
4352	11	9
4353	4	1052
4354	53	1063
4355	16	1062
4356	5	1062
4357	26	1063
4358	22	1062
