1	30	0
2	99	1065
3	27	1661
4	80	1033
5	13	1056
6	138	1054
7	124	1055
8	110	1053
9	97	1054
10	21	1061
11	4	1047
12	88	1053
13	50	1054
14	68	1053
15	325	1057
16	144	1041
17	53	1053
18	19	1050
19	100	1053
20	10	1072
21	6	1085
22	385	1072
23	20	2072
24	135	1072
25	23	1072
26	72	27
27	23	1019
28	91	1042
29	156	1074
30	379	1073
31	227	2128
32	92	8326
33	132	1066
34	8	1072
35	159	1074
36	57	1073
37	260	1073
38	20	1074
39	127	1073
40	22	1074
41	110	1073
42	61	1074
43	43	1071
44	8	1036
45	127	1072
46	131	1079
47	91	1074
48	132	1108
49	320	1055
50	121	1055
51	15	1055
52	47	1055
53	57	1054
54	157	1052
55	68	1059
56	79	1045
57	98	1056
58	86	52
59	285	976
60	27	1055
61	83	1055
62	185	1052
63	358	1056
64	27	1054
65	277	1055
66	43	1055
67	12	1052
68	180	1194
69	87	1202
70	135	1073
71	86	1073
72	24	1071
73	59	1071
74	54	1073
75	35	1072
76	3	1085
77	13	32
78	360	1072
79	207	2129
80	72	2128
81	219	1073
82	6	1103
83	31	44
84	109	1537
85	8	1105
86	19	1086
87	2	1119
88	132	1065
89	8	1091
90	68	1079
91	58	1075
92	179	1075
93	190	1075
94	29	2065
95	43	1076
96	628	1054
97	125	3137
98	110	1076
99	278	1077
100	125	2107
101	66	1055
102	114	1054
103	16	1054
104	80	37
105	258	1051
106	35	1069
107	132	1070
108	60	1069
109	60	1069
110	69	1065
111	5	1069
112	7	1069
113	189	1070
114	51	27
115	22	3620
116	9	1089
117	254	41
118	35	1095
119	145	1084
120	35	1087
121	3	1112
122	28	1085
123	36	1085
124	97	1076
125	17	1075
126	83	2131
127	177	1075
128	57	1073
129	6	1088
130	147	1086
131	34	1072
132	18	1071
133	110	1076
134	98	1075
135	35	1073
136	16	1075
137	148	1074
138	57	2141
139	102	1073
140	2	1092
141	111	31
142	35	73
143	279	984
144	3	1050
145	120	33
146	124	2067
147	333	1076
148	40	1072
149	94	1073
150	313	1063
151	31	2139
152	402	1082
153	7	2127
154	102	2150
155	152	1069
156	33	1076
157	98	1077
158	118	1074
159	131	1074
160	14	1076
161	22	1082
162	164	1067
163	340	1080
164	49	1075
165	260	1107
166	231	1079
167	139	1075
168	91	1078
169	20	1074
170	122	1074
171	5	1087
172	168	1053
173	10	1054
174	191	30
175	254	1012
176	111	1054
177	324	1055
178	186	1053
179	103	1058
180	55	1076
181	166	1076
182	155	1080
183	147	4281
184	57	1078
185	196	1074
186	15	1038
187	14	1056
188	1	1070
189	68	33
190	277	1079
191	12	8705
192	89	1099
193	179	1071
194	33	1072
195	6	1099
196	170	1072
197	54	1072
198	33	1073
199	78	1074
200	34	1095
201	1	1122
202	473	1071
203	241	2075
204	93	3350
205	43	1072
206	91	1073
207	87	1072
208	632	1077
209	43	2807
210	67	1074
211	88	4911
212	19	1075
213	12	1074
214	99	1074
215	8	1088
216	40	1077
217	68	1076
218	6	1088
219	12	31
220	47	4681
221	39	1041
222	39	1006
223	150	1056
224	30	1056
225	298	1055
226	142	1069
227	5	1069
228	24	1055
229	69	1054
230	26	1054
231	130	5497
232	56	30
233	86	1012
234	69	1055
235	193	1052
236	81	1053
237	83	1054
238	22	1054
239	31	1060
240	420	1057
241	90	2079
242	163	1098
243	7	1100
244	320	1194
245	100	2133
246	5	1069
247	116	29
248	55	1058
249	67	1057
250	126	1145
251	39	1308
252	37	1075
253	187	1075
254	50	1071
255	14	1080
256	196	2393
257	59	1135
258	122	1080
259	128	1083
260	75	1077
261	443	1054
262	149	1085
263	98	1076
264	33	1080
265	56	1079
266	30	1079
267	55	1077
268	10	1076
269	93	1130
270	82	1075
271	79	1072
272	340	1054
273	112	2119
274	53	1076
275	60	1124
276	308	1074
277	217	2136
278	325	1074
279	24	2139
280	29	30
281	14	1060
282	49	1044
283	114	1076
284	74	31
285	357	1057
286	79	1073
287	130	1074
288	393	1042
289	24	2073
290	28	1076
291	113	1073
292	241	1073
293	31	1073
294	18	1073
295	125	1074
296	226	1074
297	31	1084
298	17	1076
299	175	1082
300	69	1074
301	220	1174
302	59	1074
303	74	1095
304	20	30
305	45	1043
306	54	1073
307	56	1073
308	125	1102
309	44	1073
310	4	1098
311	5	30
312	3	1058
313	17	31
314	51	1073
315	173	1073
316	211	1104
317	263	1072
318	26	1073
319	19	1074
320	66	1072
321	151	1073
322	190	1072
323	24	1073
324	172	1420
325	36	1071
326	24	31
327	39	1049
328	20	1073
329	245	1071
330	115	1073
331	22	1073
332	41	1074
333	112	1073
334	99	30
335	93	1044
336	187	1074
337	204	1075
338	40	1074
339	48	1073
340	137	1063
341	76	1063
342	379	1083
343	6	2461
344	52	3086
345	21	1072
346	26	2811
347	10	1924
348	268	1079
349	56	1078
350	204	1047
351	15	1074
352	89	1108
353	36	1074
354	93	33
355	28	1048
356	9	1092
357	107	34
358	26	1077
359	59	1078
360	46	1079
361	11	1077
362	69	1071
363	110	1076
364	90	1075
365	324	1073
366	69	1077
367	116	1077
368	142	1075
369	98	1073
370	154	1074
371	201	1124
372	656	1074
373	39	3077
374	162	1075
375	112	1075
376	115	1075
377	20	1073
378	44	1086
379	523	1075
380	94	1058
381	29	1127
382	113	1075
383	13	1085
384	19	1074
385	319	1075
386	115	1073
387	32	1073
388	28	26
389	15	1018
390	44	1073
391	35	1074
392	93	1074
393	118	1074
394	29	1100
395	119	1071
396	278	1045
397	48	2128
398	162	1074
399	4	1087
400	36	1073
401	39	1073
402	151	1074
403	91	1073
404	108	1073
405	113	1103
406	17	30
407	63	1048
408	96	7495
409	13	102
410	200	1071
411	33	1096
412	58	1069
413	92	1092
414	84	1105
415	333	1074
416	43	1072
417	159	1073
418	344	1065
419	24	2146
420	11	43
421	36	993
422	48	1031
423	330	1081
424	74	1071
425	101	1072
426	88	1075
427	23	1075
428	112	1073
429	30	1073
430	10	1069
431	376	1062
432	105	2072
433	44	1073
434	164	1072
435	18	1072
436	59	1072
437	97	1071
438	11	1078
439	101	1076
440	49	1074
441	185	1116
442	29	3266
443	164	1086
444	265	1073
445	12	1074
446	84	1067
447	52	1075
448	98	1074
449	7	1086
450	703	1075
451	82	3073
452	30	1043
453	96	1073
454	357	1044
455	24	2130
456	9	1074
457	12	1074
458	20	1043
459	60	1076
460	181	1070
461	39	1460
462	158	1073
463	192	1097
464	381	1074
465	9	2133
466	16	30
467	108	1043
468	209	1073
469	123	1073
470	523	1074
471	123	3130
472	66	1073
473	77	1073
474	10	1073
475	23	1083
476	49	1074
477	103	1073
478	98	1074
479	44	1074
480	50	1077
481	57	1073
482	62	1075
483	29	1073
484	15	1074
485	6	1086
486	153	1032
487	63	1078
488	1	1089
489	168	30
490	30	1071
491	242	1073
492	11	1098
493	4	1085
494	36	1071
495	245	1072
496	22	1072
497	62	1071
498	151	1073
499	78	1073
500	185	1103
501	92	1090
502	21	1073
503	74	1073
504	183	29
505	298	1041
506	19	1073
507	35	1073
508	329	1098
509	177	2140
510	40	1091
511	18	1072
512	11	1127
513	171	1073
514	451	2158
515	17	2096
516	16	1074
517	123	1106
518	27	1072
519	2	1084
520	13	1054
521	4	1075
522	122	29
523	16	1015
524	45	1056
525	22	1057
526	31	1037
527	46	1054
528	2	1064
529	51	29
530	169	1054
531	49	1054
532	102	1055
533	31	1055
534	51	1071
535	68	1075
536	130	1073
537	107	1072
538	432	1072
539	263	2065
540	8	1072
541	121	1071
542	123	1073
543	6	1083
544	282	1071
545	126	1159
546	34	1070
547	75	1061
548	20	1073
549	69	1072
550	150	1073
551	1	1083
552	63	1071
553	63	1071
554	60	1072
555	266	1072
556	18	1088
557	158	1073
558	202	1072
559	36	1071
560	29	1068
561	14	1075
562	139	1083
563	196	1080
564	114	1080
565	47	1036
566	4	1093
567	7	30
568	291	1055
569	37	2110
570	76	1003
571	6	1065
572	77	1086
573	16	1056
574	13	1054
575	10	1056
576	100	1057
577	14	1056
578	389	1062
579	10	2104
580	174	1057
581	195	1057
582	106	999
583	181	1057
584	88	1078
585	39	1080
586	268	5565
587	18	2095
588	134	1052
589	95	1053
590	19	1052
591	12	1055
592	125	2128
593	60	1035
594	1	1064
595	177	30
596	122	1054
597	98	1054
598	90	1053
599	71	1055
600	29	1053
601	80	1059
602	206	1053
603	158	1057
604	2	1072
605	2	29
606	58	1051
607	16	1054
608	102	29
609	235	1019
610	265	2305
611	151	1055
612	34	1073
613	133	1072
614	78	1070
615	20	1069
616	132	6458
617	20	1071
618	181	1082
619	23	1095
620	34	1075
621	80	1069
622	62	1069
623	6	1080
624	80	4307
625	525	1779
626	66	1068
627	155	1075
628	50	1071
629	10	1093
630	223	1069
631	47	1069
632	335	1070
633	20	3877
634	44	1051
635	45	1077
636	141	2098
637	4	1071
638	7	28
639	82	1051
640	135	1069
641	146	1069
642	124	1070
643	17	1069
644	86	1071
645	84	1070
646	128	1069
647	17	1071
648	32	1092
649	507	1069
650	351	1071
651	148	2127
652	99	2126
653	170	1071
654	191	1071
655	38	1071
656	31	1069
657	170	1070
658	119	1077
659	30	1069
660	123	1070
661	222	1070
662	33	1071
663	35	1066
664	10	2119
665	101	1069
666	15	1080
667	109	1080
668	6	2152
669	30	41
670	7	1086
671	55	29
672	273	1062
673	41	2140
674	6	2111
675	222	41
676	45	41
677	90	1068
678	35	3232
679	24	1114
680	102	1105
681	68	1090
682	428	1086
683	8	2097
684	61	1071
685	147	1073
686	49	1069
687	18	1069
688	90	1096
689	24	1077
690	29	1080
691	103	1079
692	310	1113
693	67	2126
694	10	1070
695	161	1065
696	212	1070
697	130	1070
698	125	1081
699	29	1071
700	35	1096
701	141	1070
702	4	1051
703	64	28
704	54	1070
705	161	1071
706	45	1069
707	15	1079
708	60	1088
709	109	1137
710	91	1117
711	21	1114
712	37	1073
713	118	1063
714	41	1076
715	92	1083
716	57	1078
717	29	1079
718	79	1070
719	24	1071
720	25	1069
721	5	1081
722	71	1069
723	65	1070
724	249	1070
725	223	1070
726	136	1102
727	11	1074
728	61	1039
729	17	1053
730	29	1057
731	291	1058
732	14	1055
733	21	1063
734	85	1058
735	232	1055
736	17	1058
737	15	1072
738	31	1077
739	5	1092
740	148	1083
741	30	1292
742	108	1077
743	185	1078
744	314	1078
745	70	2139
746	39	2274
747	83	1081
748	29	8816
749	75	1055
750	683	1071
751	31	3071
752	170	2084
753	19	1056
754	26	1067
755	11	1067
756	146	27
757	66	1039
758	21	1068
759	54	1067
760	297	1069
761	23	2123
762	33	1040
763	156	1066
764	37	1054
765	239	1055
766	58	1052
767	102	1054
768	202	1053
769	159	1057
770	73	1055
771	53	1054
772	27	1053
773	206	1055
774	26	1055
775	157	1054
776	156	1054
777	245	1054
778	266	1071
779	159	1074
780	138	26
781	95	1016
782	38	1070
783	10	1070
784	27	1070
785	84	1072
786	6	1080
787	197	26
788	96	1070
789	187	1070
790	20	1071
791	20	1070
792	134	1071
793	74	1069
794	56	1073
795	63	1072
796	57	2073
797	51	1070
798	2	1082
799	16	26
800	277	1072
801	13	2126
802	42	1071
803	137	1083
804	95	1070
805	191	1071
806	71	1071
807	260	1071
808	82	1069
809	239	2017
810	88	1055
811	60	1054
812	65	1055
813	12	1053
814	35	1054
815	144	1055
816	263	1059
817	107	1052
818	40	26
819	19	1018
820	288	1049
821	60	2109
822	19	1070
823	19	1069
824	65	3307
825	3	1057
826	467	1069
827	234	2034
828	83	1072
829	44	1071
830	124	26
831	101	1044
832	54	1070
833	275	1071
834	65	1069
835	24	1069
836	56	1069
837	11	1070
838	110	2097
839	108	1323
840	48	1075
841	322	3073
842	244	1070
843	95	1068
844	112	1070
845	111	1069
846	48	1066
847	7	1069
848	218	1069
849	22	1069
850	112	1068
851	55	1069
852	38	1069
853	328	1070
854	13	1069
855	5	1080
856	23	1069
857	226	1069
858	98	1069
859	23	1069
860	15	23
861	84	22
862	9	1069
863	143	454263
864	17	31
865	64	31
866	64	30
867	129	31
868	10	31
869	290	42
870	35	31
871	131	35
872	59	38
873	102	31
874	194	30
875	239	31
876	30	34
877	176	31
878	55	30
879	47	30
880	50	30
881	312	31
882	14	31
883	138	30
884	117	30
885	291	30
886	95	31
887	148	30
888	46	30
889	118	30
890	2	30
891	286	31
892	186	31
893	5	30
894	65	30
895	23	30
896	122	30
897	217	30
898	188	30
899	48	30
900	315	30
901	160	30
902	74	30
903	188	30
904	64	30
905	13	30
906	19	30
907	28	30
908	134	30
909	229	30
910	46	38
911	256	34
912	40	30
913	32	30
914	90	30
915	48	30
916	99	34
917	155	31
918	2	30
919	57	30
920	13	30
921	13	30
922	194	30
923	39	30
924	13	30
925	51	30
926	45	30
927	53	30
928	158	30
929	22	31
930	122	30
931	63	30
932	231	31
933	14	31
934	85	30
935	91	30
936	7	30
937	23	30
938	12	30
939	40	30
940	136	30
941	101	31
942	91	102
943	132	1056
944	20	1052
945	27	1064
946	397	1068
947	393	2051
948	19	1052
949	26	1054
950	88	22
951	24	986
952	7	1053
953	86	1053
954	325	1053
955	80	2105
956	125	1053
957	92	1052
958	209	1053
959	108	1052
960	8	1018
961	91	1052
962	158	1054
963	39	1052
964	21	1053
965	56	1053
966	119	1053
967	61	1053
968	37	1051
969	4	1063
970	39	1076
971	16	1074
972	46	1074
973	127	1074
974	167	1074
975	182	1074
976	56	1073
977	128	1074
978	119	1089
979	179	877
980	15	32
981	4	1021
982	91	1072
983	71	1090
984	130	1067
985	191	1069
986	39	1069
987	49	1070
988	7	1065
989	347	1066
990	80	22
991	114	1028
992	512	1071
993	62	2065
994	75	1053
995	115	1073
996	78	1043
997	48	1069
998	142	1069
999	36	2181
1000	113	1070
1001	34	1068
1002	155	1042
1003	39	1069
1004	23	1083
1005	142	1068
1006	207	1068
1007	12	1069
1008	58	1067
1009	152	1069
1010	24	1069
1011	76	1142
1012	339	3069
1013	57	2124
1014	6	1078
1015	377	25
1016	20	2437
1017	3	1080
1018	32	1069
1019	5	1078
1020	222	1070
1021	37	1068
1022	81	1071
1023	55	1068
1024	66	1047
1025	51	1053
1026	4	1024
1027	24	25
1028	48	1016
1029	55	1054
1030	116	1054
1031	275	1071
1032	46	1054
1033	17	1054
1034	17	1054
1035	79	1066
1036	138	1053
1037	66	1056
1038	165	1016
1039	19	1054
1040	365	1053
1041	50	2110
1042	150	22
1043	90	53
1044	186	25
1045	12	1018
1046	49	1053
1047	130	1172
1048	53	1054
1049	95	1054
1050	197	1054
1051	151	1054
1052	101	2750
1053	105	1048
1054	137	1041
1055	76	1073
1056	22	1067
1057	130	1067
1058	15	1171
1059	94	1067
1060	227	1078
1061	49	1070
1062	38	26
1063	25	1044
1064	64	33
1065	242	1036
1066	37	1049
1067	134	1072
1068	5	5139
1069	99	33
1070	22	25
1071	7	1048
1072	67	1017
1073	1	1066
1074	4	25
1075	29	22
1076	34	1108
1077	12	1054
1078	74	25
1079	34	1019
1080	19	1070
1081	16	1069
1082	18	1070
1083	137	1070
1084	14	1070
1085	3	1081
1086	10	25
1087	51	1045
1088	5	1080
1089	45	25
1090	2	1080
1091	40	25
1092	150	25
1093	101	1045
1094	19	1070
1095	1	1211
1096	52	1044
1097	73	1071
1098	7	25
1099	23	1045
1100	17	25
1101	5	1055
1102	17	25
1103	17	1044
1104	2	1079
1105	80	25
1106	116	1069
1107	17	1072
1108	16	1213
1109	4	1124
1110	18	1080
1111	1	1080
1112	39	22
1113	1	1032
1114	49	1066
1115	87	1071
1116	16	25
1117	4	1054
1118	50	1070
1119	192	1070
1120	12	1071
1121	13	1070
1122	18	25
1123	73	1155
1124	7	1068
1125	5	1081
1126	31	25
1127	116	1045
1128	41	1045
1129	26	1071
1130	16	25
1131	180	997
1132	2	1080
1133	7	28
1134	18	1069
1135	116	1069
1136	133	1070
1137	21	1071
1138	12	1089
1139	1	1082
1140	84	1070
1141	4	1081
1142	14	24
1143	85	1046
1144	24	1043
1145	5	1081
1146	59	1070
1147	36	1068
1148	17	1064
1149	16	1070
1150	12	25
1151	20	1044
1152	6	25
1153	6	1100
1154	23	25
1155	63	1043
1156	1	1081
1157	9	25
1158	3	1081
1159	92	25
1160	34	1045
1161	3	1082
1162	15	1070
1163	41	1071
1164	182	1070
1165	26	1070
1166	11	28
1167	77	1040
1168	44	25
1169	100	1045
1170	6	1109
1171	61	25
1172	14	1020
1173	4	1080
1174	72	1070
1175	25	1069
1176	57	1049
1177	39	1066
1178	33	1070
1179	99	1069
1180	13	1071
1181	13	1069
1182	24	1044
1183	1	1079
1184	11	1070
1185	52	1069
1186	10	25
1187	3	1054
1188	23	21
1189	4	1033
1190	1	1081
1191	20	25
1192	112	1045
1193	2	1082
1194	97	22
1195	77	1022
1196	4	1054
1197	22	24
1198	1	1114
1199	12	25
1200	41	1070
1201	45	1070
1202	34	1070
1203	6	1082
1204	28	1071
1205	100	1134
1206	56	1127
1207	77	1071
1208	21	1070
1209	66	1069
1210	6	1054
1211	27	24
1212	84	22
1213	83	1022
1214	151	1070
1215	6	1063
1216	1	1064
1217	33	25
1218	122	1072
1219	12	1052
1220	20	1022
1221	12	1068
1222	99	1070
1223	3	1077
1224	32	1068
1225	22	1068
1226	95	1068
1227	24	1068
1228	46	25
1229	70	1043
1230	168	24
1231	4	1053
1232	39	21
1233	10	1021
1234	13	1069
1235	1	1076
1236	36	1068
1237	19	1069
1238	26	1069
1239	11	1069
1240	46	24
1241	31	1013
1242	25	1068
1243	54	1068
1244	2	1088
1245	1	25
1246	1	25
1247	2	21
1248	9	25
1249	15	1044
1250	2	1079
1251	48	25
1252	13	1070
1253	2	2235
1254	5	1109
1255	1	25
1256	2	1080
1257	56	25
1258	136	1071
1259	63	1069
1260	6	1080
1261	27	25
1262	50	1069
1263	32	1069
1264	11	2329
1265	54	1070
1266	76	1071
1267	2	1081
1268	19	1098
1269	16	1069
1270	3	1079
1271	5	25
1272	36	25
1273	2	1053
1274	2	21
1275	92	22
1276	17	1043
1277	18	1070
1278	2	1080
1279	38	25
1280	18	1071
1281	35	1070
1282	4	1080
1283	18	25
1284	14	1069
1285	59	1070
1286	9	1045
1287	7	2285
1288	2	1089
1289	2	25
1290	28	1069
1291	3	1079
1292	4	1079
1293	89	25
1294	98	1070
1295	63	1068
1296	9	1068
1297	51	2584
1298	13	26
1299	58	1043
1300	2	24
1301	5	25
1302	45	1055
1303	98	1078
1304	35	25
1305	26	1044
1306	50	1069
1307	32	1070
1308	25	1071
1309	1	1088
1310	13	1044
1311	4	1097
1312	3	1099
1313	3	25
1314	10	1069
1315	13	1069
1316	81	2124
1317	5	1080
1318	6	1079
1319	6	25
1320	6	31
1321	44	1039
1322	19	1070
1323	16	1070
1324	7	1069
1325	50	1070
1326	40	1070
1327	1	1080
1328	1	1080
1329	5	25
1330	143	1069
1331	3	1079
1332	21	1044
1333	29	1068
1334	80	1069
1335	7	1069
1336	29	25
1337	78	1044
1338	2	1079
1339	9	24
1340	68	1070
1341	85	1070
1342	16	24
1343	11	1019
1344	70	1070
1345	5	1119
1346	14	1207
1347	36	1057
1348	41	1068
1349	65	1070
1350	8	24
1351	2	1059
1352	17	1069
1353	10	1068
1354	101	31
1355	9	1025
1356	1	1095
1357	22	36
1358	19	1081
1359	70	1077
1360	10	21
1361	5	1009
1362	2	1079
1363	24	25
1364	22	1068
1365	19	1069
1366	15	1044
1367	39	1070
1368	119	1044
1369	12	1070
1370	5	1105
1371	4	81
1372	10	25
1373	14	1045
1374	18	1043
1375	201	1082
1376	66	1175
1377	13	1078
1378	3	1057
1379	17	35
1380	124	25
1381	7	1043
1382	17	2968
1383	2	1079
1384	8	1044
1385	21	1070
1386	8	1069
1387	12	1070
1388	1	1080
1389	32	25
1390	7	1066
1391	22	1069
1392	6	26
1393	24	1003
1394	56	1028
1395	52	1071
1396	3	25
1397	30	22
1398	88	1070
1399	17	1069
1400	3	1095
1401	46	74
1402	80	1070
1403	20	1070
1404	57	24
1405	5	1056
1406	40	1069
1407	10	1070
1408	16	1070
1409	44	1069
1410	21	1069
1411	9	1068
1412	1	1080
1413	10	25
1414	10	1071
1415	11	1070
1416	3	1081
1417	9	25
1418	12	1043
1419	18	1070
1420	3	1078
1421	45	25
1422	4	1078
1423	6	25
1424	158	1042
1425	127	1070
1426	116	1069
1427	5	1073
1428	9	1067
1429	95	1067
1430	122	1041
1431	37	1069
1432	8	1074
1433	89	1065
1434	23	1069
1435	28	1073
1436	156	1067
1437	17	1068
1438	19	25
1439	8	1044
1440	65	25
1441	100	1044
1442	15	1069
1443	14	1069
1444	4	24
1445	1	1062
1446	1	1051
1447	3	24
1448	13	1040
1449	33	1070
1450	47	1068
1451	12	1068
1452	8	25
1453	41	1042
1454	15	1069
1455	22	1068
1456	1	1078
1457	9	25
1458	25	21
1459	33	1000
1460	9	21
1461	13	1022
1462	4	1050
1463	37	26
1464	150	1069
1465	39	1069
1466	22	24
1467	29	1043
1468	8	1070
1469	4	1080
1470	1	24
1471	15	21
1472	151	24
1473	22	1045
1474	2	1080
1475	15	24
1476	44	1055
1477	6	1072
1478	45	25
1479	76	983
1480	35	1053
1481	26	1059
1482	41	1054
1483	11	1053
1484	5	22
1485	119	982
1486	130	1021
1487	38	1053
1488	149	1055
1489	3	1063
1490	2	1038
1491	3	25
1492	20	1053
1493	168	1054
1494	141	1044
1495	43	1052
1496	34	21
1497	12	987
1498	9	1054
1499	63	1053
1500	23	25
1501	92	1046
1502	5	21
1503	120	986
1504	6	1072
1505	3	25
1506	32	1053
1507	2	1064
1508	31	21
1509	260	956
1510	28	1017
1511	11	1052
1512	101	1053
1513	11	1055
1514	8	1055
1515	7	1053
1516	22	1053
1517	28	1054
1518	2	1063
1519	37	25
1520	2	25
1521	11	21
1522	208	21
1523	10	987
1524	42	24
1525	38	1021
1526	4	25
1527	9	21
1528	26	1052
1529	124	1072
1530	47	25
1531	7	1029
1532	3	1047
1533	4	25
1534	73	1069
1535	178	1054
1536	10	1018
1537	55	1053
1538	37	1053
1539	2	1064
1540	5	21
1541	4	998
1542	10	21
1543	8	1023
1544	1	21
1545	15	21
1546	24	1070
1547	22	1069
1548	8	1069
1549	79	1069
1550	7	1069
1551	34	1070
1552	24	1069
1553	2	1080
1554	4	25
1555	164	22
1556	38	1070
1557	29	1170
1558	42	1070
1559	29	1069
1560	43	31
1561	14	1004
1562	16	986
1563	1	1082
1564	3	1063
1565	55	25
1566	76	1052
1567	47	1081
1568	41	1054
1569	5	1073
1570	109	1055
1571	17	1053
1572	57	1054
1573	29	1108
1574	185	1053
1575	1	1085
1576	3	1087
1577	1	23
1578	30	1067
1579	30	1068
1580	50	1067
1581	5	1078
1582	1	1080
1583	17	24
1584	10	1070
1585	7	1070
1586	116	1049
1587	111	1110
1588	21	23
1589	4	1049
1590	7	2964
1591	44	27
1592	45	1127
1593	43	1053
1594	27	1054
1595	40	1055
1596	7	1064
1597	88	22
1598	36	2853
1599	34	1049
1600	16	22
1601	17	1021
1602	9	985
1603	20	61
1604	105	1090
1605	47	1035
1606	17	1075
1607	2	1071
1608	6	1057
1609	64	28
1610	2	26
1611	5	25
1612	171	1078
1613	27	1091
1614	8	1090
1615	9	33
1616	5	26
1617	50	21
1618	46	974
1619	4	1062
1620	25	19
1621	2	1034
1622	4	1051
1623	2	15
1624	2	24
1625	39	12
1626	18	1058
1627	8	1059
1628	1	13
1629	35	11
1630	4	11
1631	66	11
1632	5	1049
1633	62	13
1634	39	19
1635	20	1024
1636	4	1045
1637	35	22
1638	11	18
1639	4	1068
1640	1	1067
1641	11	19
1642	3	1076
1643	114	19
1644	3	1073
1645	27	19
1646	7	1073
1647	5	37
1648	22	1068
1649	42	1073
1650	2	1072
1651	7	19
1652	7	1073
1653	27	18
1654	71	22
1655	39	1066
1656	195	1050
1657	2	1054
1658	116	21
1659	19	1031
1660	9	1073
1661	11	1073
1662	17	1073
1663	4	1074
1664	4	1073
1665	25	19
1666	32	1073
1667	81	1073
1668	78	1074
1669	1	1073
1670	19	1073
1671	12	1073
1672	85	1073
1673	33	1073
1674	32	16
1675	9	1064
1676	9	1065
1677	107	1072
1678	32	1078
1679	3	1075
1680	2	1073
1681	17	18
1682	18	18
1683	33	1068
1684	3	22
1685	3	17
1686	10	16
1687	1	1064
1688	36	1067
1689	19	1084
1690	3	1050
1691	3	21
1692	1	1150
1693	8	15
1694	82	11
1695	53	1054
1696	25	1097
1697	26	1070
1698	39	1054
1699	27	1070
1700	35	1072
1701	54	1070
1702	20	1067
1703	6	1082
1704	12	1061
1705	7	1072
1706	4	19
1707	15	16
1708	2	1070
1709	2	19
1710	106	21
1711	15	1065
1712	4	1073
1713	5	19
1714	72	1071
1715	11	1071
1716	59	19
1717	19	1059
1718	3	1065
1719	11	19
1720	11	1065
1721	88	1071
1722	6	23
1723	85	1059
1724	59	1071
1725	2	1080
1726	135	1072
1727	13	1076
1728	13	27
1729	11	1060
1730	7	1072
1731	128	19
1732	130	19
1733	25	1066
1734	35	1066
1735	33	1082
1736	55	1071
1737	28	1071
1738	6	19
1739	50	16
1740	47	19
1741	58	1065
1742	9	1070
1743	26	1074
1744	8	1071
1745	20	1071
1746	6	1071
1747	47	18
1748	23	19
1749	5	1065
1750	1	19
1751	1	20
1752	34	1065
1753	125	1071
1754	144	19
1755	22	1065
1756	30	1071
1757	171	1072
1758	2	1071
1759	15	19
1760	9	1071
1761	67	1071
1762	8	19
1763	26	1065
1764	4	31
1765	6	17
1766	12	1071
1767	29	1075
1768	103	1075
1769	33	1071
1770	9	19
1771	5	1065
1772	39	1064
1773	59	1070
1774	15	1071
1775	16	1081
1776	70	1071
1777	17	1070
1778	71	1071
1779	6	1071
1780	42	1074
1781	47	1073
1782	16	16
1783	3	1063
1784	86	19
1785	20	1066
1786	208	1075
1787	105	1071
1788	29	1065
1789	6	1071
1790	61	19
1791	33	1065
1792	26	15
1793	31	1059
1794	38	1071
1795	70	1070
1796	99	1066
1797	27	1631
1798	2	16
1799	5	16
1800	81	1130
1801	15	1079
1802	45	1775
1803	6	1079
1804	105	15
1805	36	1024
1806	54	1054
1807	7	1071
1808	2	1272
1809	108	16
1810	42	14
1811	239	1053
1812	38	11
1813	109	1041
1814	90	14
1815	21	1053
1816	6	1052
1817	29	1067
1818	17	11
1819	146	1041
1820	14	11
1821	38	1041
1822	38	1053
1823	4	1076
1824	6	1817
1825	3	62
1826	87	21
1827	46	1052
1828	3	21
1829	2	16
1830	20	20
1831	3	1057
1832	41	15
1833	202	1076
1834	22	15
1835	150	1055
1836	143	15
1837	7	1067
1838	41	11
1839	20	1042
1840	30	1056
1841	5	1078
1842	6	1091
1843	13	22
1844	45	1164
1845	51	1053
1846	14	1028
1847	23	1055
1848	12	1029
1849	8	1089
1850	63	1024
1851	160	1055
1852	80	1059
1853	15	1059
1854	2	14
1855	32	11
1856	47	1026
1857	22	1054
1858	45	1054
1859	11	1059
1860	6	1054
1861	27	1058
1862	8	1097
1863	5	20
1864	29	1068
1865	10	1069
1866	18	1052
1867	8	1055
1868	46	1054
1869	30	1052
1870	106	1002
1871	14	1054
1872	9	309
1873	5	27827
1874	139	11
1875	4	11
1876	1	11
1877	2	11
1878	17	11
1879	100	11
1880	59	11
1881	77	11
1882	14	11
1883	27	11
1884	32	10
1885	1	11
1886	21	1069
1887	126	1069
1888	11	1069
1889	1	1086
1890	3	1088
1891	1	15
1892	1	1139
1893	2	19
1894	20	1063
1895	30	1059
1896	15	1057
1897	2	1072
1898	2	16
1899	1	11
1900	74	1073
1901	41	1074
1902	125	16
1903	1	1065
1904	14	21
1905	53	1055
1906	44	20
1907	119	1048
1908	17	1070
1909	44	1073
1910	8	1026
1911	32	22
1912	2	1072
1913	75	18
1914	4	21
1915	2	16
1916	4	1081
1917	16	19
1918	73	1069
1919	91	1077
1920	15	1073
1921	14	1076
1922	2	19
1923	13	16
1924	5	1071
1925	20	19
1926	36	1065
1927	7	1071
1928	20	1064
1929	72	1070
1930	28	1067
1931	15	1078
1932	38	19
1933	231	1065
1934	6	1065
1935	19	19
1936	20	1070
1937	34	1071
1938	1	20
1939	2	16
1940	22	18
1941	1	1065
1942	23	1074
1943	174	1073
1944	4	16
1945	152	15
1946	12	1073
1947	161	1073
1948	34	19
1949	2	1072
1950	12	1072
1951	26	1074
1952	12	1065
1953	3	1070
1954	45	1070
1955	3	1078
1956	25	1070
1957	48	1074
1958	85	19
1959	128	1068
1960	17	1077
1961	7	1081
1962	11	18
1963	11	1068
1964	14	1074
1965	18	1073
1966	28	1074
1967	85	1073
1968	24	1069
1969	1	1073
1970	5	1426
1971	1	26
1972	17	28
1973	63	1049
1974	2	1176
1975	12	21
1976	8	1085
1977	1	1086
1978	7	15
1979	9	1076
1980	53	1076
1981	2	1071
1982	4	1046
1983	6	18
1984	3	1079
1985	48	15
1986	2	1089
1987	3	15
1988	10	15
1989	2	1070
1990	67	1055
1991	88	1059
1992	49	21
1993	101	1035
1994	32	1081
1995	6	1105
1996	4	1097
1997	30	24
1998	5	16
1999	49	15
2000	47	16
2001	13	1038
2002	12	1058
2003	2	1090
2004	18	30
2005	10	1007
2006	100	1056
2007	27	1083
2008	3	1055
2009	18	21
2010	9	1237
2011	19	23
2012	5	1035
2013	1	15
2014	30	15
2015	9	1038
2016	17	15
2017	1	1039
2018	75	1055
2019	4	1065
2020	1	1063
2021	20	15
2022	1	1687
2023	1	18
2024	5	1063
2025	51	14
2026	49	14
2027	2	1053
2028	29	1058
2029	32	1054
2030	77	1057
2031	16	1055
2032	49	15
2033	33	1028
2034	120	14
2035	50	1029
2036	8	11
2037	2	1028
2038	11	1030
2039	71	1054
2040	27	1054
2041	70	1069
2042	88	1054
2043	3	1064
2044	21	1090
2045	68	1053
2046	9	1054
2047	29	1058
2048	21	1029
2049	7	1961
2050	1	1073
2051	2	15
2052	12	11
2053	41	1102
2054	15	1037
2055	1	1062
2056	19	1054
2057	42	1054
2058	1	1039
2059	73	14
2060	15	15
2061	10	1030
2062	147	14
2063	124	1030
2064	29	1054
2065	21	1055
2066	13	20
2067	184	1025
2068	27	11
2069	32	1008
2070	34	15
2071	40	1029
2072	7	1054
2073	10	1055
2074	65	1055
2075	7	1056
2076	6	1064
2077	25	15
2078	14	1054
2079	2	1078
2080	150	1052
2081	70	1055
2082	70	1054
2083	34	1055
2084	26	1081
2085	4	1063
2086	4	1074
2087	2	15
2088	19	1053
2089	2	1065
2090	2	1073
2091	3	15
2092	5	1074
2093	7	15
2094	15	1076
2095	29	1054
2096	19	1053
2097	12	1055
2098	4	1065
2099	23	15
2100	129	1030
2101	5	1064
2102	14	1008
2103	10	1054
2104	22	1030
2105	12	1055
2106	6	15
2107	72	1029
2108	10	1029
2109	20	1054
2110	83	15
2111	71	1029
2112	96	1055
2113	2	1080
2114	54	1054
2115	233	1055
2116	50	11
2117	3	1051
2118	38	1054
2119	11	1054
2120	42	1024
2121	43	1054
2122	7	11
2123	31	1007
2124	38	1029
2125	58	1055
2126	10	1055
2127	51	1054
2128	24	15
2129	39	1040
2130	48	1046
2131	9	1055
2132	37	1053
2133	3	1066
2134	8	1029
2135	9	1055
2136	20	11
2137	184	1007
2138	68	1053
2139	64	1063
2140	53	1054
2141	14	1053
2142	58	1054
2143	57	1056
2144	27	11
2145	36	1010
2146	31	1055
2147	9	1054
2148	5	1039
2149	12	15
2150	8	1054
2151	22	1054
2152	10	15
2153	4	1140
2154	105	1054
2155	2	1066
2156	17	1053
2157	9	1724
2158	5	15
2159	2	1069
2160	92	1039
2161	39	1086
2162	1	1064
2163	11	15
2164	9	1054
2165	50	1054
2166	12	15
2167	21	1029
2168	4	1094
2169	19	14
2170	28	1056
2171	6	1069
2172	18	15
2173	27	1029
2174	33	1029
2175	21	1055
2176	2	15
2177	8	19
2178	45	1053
2179	26	1055
2180	3	1062
2181	7	14
2182	9	1082
2183	13	1053
2184	150	1054
2185	67	1153
2186	6	12
2187	89	1008
2188	64	11
2189	13	1003
2190	5	1183
2191	8	15
2192	13	1072
2193	228	1095
2194	1	1038
2195	15	15
2196	7	1055
2197	8	1055
2198	2	1073
2199	4	15
2200	1	1063
2201	28	14
2202	8	1068
2203	6	1078
2204	111	15
2205	21	1056
2206	98	1054
2207	3	1077
2208	3	1040
2209	57	15
2210	15	1007
2211	6	1173
2212	4	1086
2213	32	15
2214	71	1030
2215	11	1054
2216	18	15
2217	39	1004
2218	29	1042
2219	1	2857
2220	8	15
2221	14	1053
2222	9	1024
2223	39	1055
2224	139	1054
2225	18	1055
2226	55	1054
2227	20	1054
2228	3	1062
2229	21	15
2230	48	1055
2231	306	1054
2232	15	11
2233	34	1006
2234	66	1054
2235	81	1105
2236	7	1053
2237	2	1064
2238	54	1053
2239	1	1063
2240	71	1054
2241	51	1055
2242	82	15
2243	124	1258
2244	53	1055
2245	27	1053
2246	19	1054
2247	67	1054
2248	10	1055
2249	3	3229
2250	43	1061
2251	10	1053
2252	2	1092
2253	7	14
2254	65	11
2255	54	1009
2256	55	1026
2257	1	1087
2258	1	1063
2259	44	15
2260	46	1051
2261	40	1055
2262	291	1054
2263	23	2112
2264	8	1068
2265	12	1069
2266	4	1095
2267	13	16
2268	6	1099
2269	93	15
2270	21	11
2271	3	1052
2272	4	15
2273	21	12
2274	56	1068
2275	43	1069
2276	25	1068
2277	7	1068
2278	2	1078
2279	14	18
2280	11	11
2281	2	1049
2282	9	1053
2283	26	1068
2284	15	1042
2285	1	1084
2286	46	1067
2287	43	1067
2288	1	1077
2289	20	14
2290	9	1069
2291	30	1069
2292	78	1054
2293	34	1068
2294	84	1055
2295	13	1070
2296	2	1078
2297	15	14
2298	97	14
2299	21	1055
2300	27	14
2301	1	1064
2302	18	1055
2303	44	1069
2304	21	1069
2305	2	1078
2306	29	1073
2307	89	1065
2308	45	14
2309	40	1054
2310	7	14
2311	17	1055
2312	5	1087
2313	2	17
2314	13	1069
2315	2	1087
2316	61	1068
2317	95	1069
2318	112	1055
2319	24	1069
2320	40	1056
2321	54	1069
2322	9	14
2323	10	1055
2324	92	11
2325	105	1038
2326	9	1068
2327	56	1068
2328	21	1079
2329	1	1078
2330	50	1073
2331	42	1069
2332	43	1069
2333	42	1068
2334	20	14
2335	58	1055
2336	6	1079
2337	35	15
2338	236	14
2339	7	1054
2340	47	14
2341	54	1054
2342	2	1078
2343	10	14
2344	4	1088
2345	4	15
2346	6	14
2347	7	1054
2348	21	1056
2349	66	1069
2350	17	1069
2351	3	1079
2352	13	1070
2353	8	1069
2354	17	15
2355	11	1054
2356	35	1054
2357	80	1069
2358	45	17
2359	16	1053
2360	14	1069
2361	1	1088
2362	43	1070
2363	6	1088
2364	23	1069
2365	51	1068
2366	3	14
2367	19	11
2368	13	1054
2369	66	1069
2370	110	1055
2371	71	1069
2372	13	1069
2373	9	1068
2374	17	11
2375	3	1061
2376	6	1073
2377	4	14
2378	56	11
2379	38	1043
2380	77	1054
2381	2	1078
2382	208	1070
2383	1	1080
2384	9	1054
2385	19	1111
2386	10	1055
2387	1	1079
2388	12	1068
2389	17	1069
2390	122	1042
2391	44	1066
2392	14	1069
2393	16	1068
2394	82	14
2395	8	1055
2396	7	1070
2397	9	1069
2398	18	1069
2399	7	1069
2400	6	1078
2401	14	14
2402	77	11
2403	27	1041
2404	37	1069
2405	8	1068
2406	12	1056
2407	121	1068
2408	114	1069
2409	65	1069
2410	17	1053
2411	2	1087
2412	39	1068
2413	41	1068
2414	14	14
2415	7	1055
2416	26	1055
2417	18	1069
2418	6	1079
2419	19	14
2420	13	1069
2421	11	1070
2422	5	1081
2423	11	15
2424	16	1069
2425	42	1069
2426	42	17
2427	14	1052
2428	169	1054
2429	12	1069
2430	2	1078
2431	194	14
2432	1	1088
2433	4	14
2434	11	1069
2435	12	1069
2436	25	14
2437	106	1055
2438	4	14
2439	99	11
2440	51	1069
2441	70	1070
2442	1	1079
2443	70	14
2444	33	1068
2445	160	1068
2446	9	14
2447	1	1064
2448	7	1069
2449	8	1068
2450	2	1073
2451	1	14
2452	1	1079
2453	36	14
2454	10	1069
2455	26	1069
2456	1	14
2457	50	11
2458	1	1079
2459	56	14
2460	47	1069
2461	111	1069
2462	60	1069
2463	8	1069
2464	4	1089
2465	1	14
2466	99	1052
2467	22	1069
2468	2	1078
2469	5	14
2470	9	14
2471	12	1054
2472	62	1055
2473	9	1069
2474	4	15
2475	8	11
2476	11	1069
2477	16	1070
2478	1	1088
2479	1	14
2480	46	1064
2481	22	1068
2482	55	1062
2483	6	1068
2484	46	1068
2485	7	1067
2486	5	1078
2487	79	14
2488	47	1053
2489	53	1069
2490	84	1068
2491	18	1069
2492	15	1070
2493	27	1069
2494	12	1068
2495	13	1067
2496	14	1084
2497	12	1065
2498	7	14
2499	3	1063
2500	11	14
2501	69	1053
2502	5	1120
2503	77	74
2504	2	1063
2505	10	15
2506	25	1037
2507	54	1067
2508	22	14
2509	1	1064
2510	3	1087
2511	3	14
2512	173	1054
2513	61	2139
2514	93	1053
2515	5	1078
2516	9	1053
2517	22	1067
2518	1	19
2519	3	12
2520	2	1092
2521	2	17
2522	21	17
2523	21	1016
2524	4	17
2525	5	16
2526	4	1069
2527	8	17
2528	5	1069
2529	34	19
2530	62	1066
2531	157	1076
2532	82	17
2533	6	1071
2534	2	5436
2535	51	22
2536	88	1055
2537	62	1054
2538	52	1054
2539	4	4398
2540	76	1070
2541	81	1069
2542	2	1088
2543	1	14
2544	92	15
2545	5	1063
2546	35	1070
2547	11	1068
2548	12	1054
2549	6	1079
2550	90	1058
2551	8	1069
2552	2	1082
2553	3	14
2554	119	1069
2555	13	1067
2556	4	1125
2557	10	15
2558	5	1086
2559	100	14
2560	38	14
2561	19	1064
2562	7	13
2563	21	1063
2564	5	1068
2565	9	14
2566	5	1069
2567	12	15
2568	5	1070
2569	35	14
2570	49	1068
2571	9	1068
2572	5	14
2573	6	1059
2574	7	1058
2575	27	15
2576	12	1063
2577	4	1075
2578	3	1074
2579	35	20
2580	12	1074
2581	178	1077
2582	112	1064
2583	11	1066
2584	145	1061
2585	81	1066
2586	16	1070
2587	23	1068
2588	23	1066
2589	25	1063
2590	33	1067
2591	98	1067
2592	15	1063
2593	14	1068
2594	8	1067
2595	2	1068
2596	4	1068
2597	46	17
2598	7	14
2599	3	1064
2600	23	11
2601	1	1061
2602	265	1062
2603	1	1070
2604	24	13
2605	3	1065
2606	258	1068
2607	21	1070
2608	13	1053
2609	2	1078
2610	2	1087
2611	1	14
2612	5	1088
2613	4	15
2614	2	1087
2615	1	14
2616	6	1054
2617	27	14
2618	11	1067
2619	1	1068
2620	35	1063
2621	4	1067
2622	1	1068
2623	105	14
2624	2	11
2625	36	14
2626	5	1067
2627	4	14
2628	35	1069
2629	20	1067
2630	26	1066
2631	280	1069
2632	4	11
2633	3	11
2634	2	1058
2635	83	15
2636	36	1067
2637	2	1078
2638	20	14
2639	50	1054
2640	7	1068
2641	2	1078
2642	40	14
2643	5	1064
2644	26	1069
2645	32	1068
2646	4	15
2647	4	12
2648	15	15
2649	70	1061
2650	32	13
2651	16	1063
2652	11	13
2653	1	1063
2654	93	1067
2655	296	1066
2656	33	1067
2657	64	1068
2658	12	1068
2659	8	1067
2660	1	1068
2661	20	14
2662	11	1069
2663	1	1069
2664	9	1066
2665	32	1071
2666	238	1068
2667	7	1068
2668	5	14
2669	48	1065
2670	3	1059
2671	42	14
2672	61	1092
2673	31	1047
2674	22	1068
2675	80	1068
2676	10	1068
2677	3	1067
2678	4	1027
2679	161	15
2680	6	1068
2681	33	1068
2682	53	13
2683	20	1064
2684	59	1059
2685	2	1078
2686	35	1069
2687	16	1069
2688	9	1068
2689	3	1078
2690	4	1078
2691	7	14
2692	13	14
2693	65	1054
2694	84	14
2695	4	1063
2696	12	1068
2697	14	1068
2698	2	1078
2699	56	14
2700	14	1068
2701	15	1068
2702	22	14
2703	37	1064
2704	4	1062
2705	73	14
2706	28	1055
2707	7	1068
2708	131	14
2709	3	5321
2710	72	1017
2711	11	1070
2712	2	14
2713	17	11
2714	1	1066
2715	30	13
2716	33	13
2717	26	1056
2718	90	1065
2719	1	1065
2720	1	1072
2721	7	19
2722	102	16
2723	7	1064
2724	2	1079
2725	6	22
2726	9	1074
2727	19	1071
2728	8	1073
2729	62	19
2730	3	1076
2731	234	20
2732	7	1067
2733	36	1069
2734	18	13
2735	8	1068
2736	6	1064
2737	67	14
2738	116	1068
2739	10	1067
2740	4	1063
2741	7	14
2742	21	1069
2743	13	1068
2744	10	1068
2745	23	1070
2746	17	1069
2747	4	1078
2748	43	1069
2749	20	1068
2750	8	1068
2751	2	1033
2752	31	1068
2753	3	1067
2754	18	1067
2755	98	1068
2756	1	1067
2757	23	14
2758	43	1063
2759	2	1068
2760	10	14
2761	12	1065
2762	13	1062
2763	152	1069
2764	111	1064
2765	40	1069
2766	40	1066
2767	8	1070
2768	27	11
2769	2	1080
2770	2	1088
2771	1	14
2772	24	14
2773	80	1055
2774	120	1069
2775	14	1069
2776	34	1069
2777	12	1068
2778	18	1069
2779	6	1078
2780	61	14
2781	24	1055
2782	14	1067
2783	1	1068
2784	6	1064
2785	2	15
2786	11	1063
2787	114	1068
2788	1	1067
2789	2	14
2790	26	1068
2791	4	1068
2792	185	1069
2793	21	1047
2794	18	1062
2795	23	1067
2796	32	1067
2797	3	1068
2798	2	14
2799	49	11
2800	15	1067
2801	4	1068
2802	8	1067
2803	49	1067
2804	40	1067
2805	34	1067
2806	15	1068
2807	1	1067
2808	23	1061
2809	32	1069
2810	116	11
2811	163	1058
2812	20	11
2813	7	1071
2814	3	14
2815	1	11
2816	57	14
2817	29	1054
2818	32	14
2819	9	1054
2820	22	1068
2821	6	1077
2822	35	11
2823	10	1042
2824	41	1069
2825	57	1067
2826	16	1068
2827	1	1078
2828	6	1069
2829	7	17
2830	40	1053
2831	29	1069
2832	49	1068
2833	81	1068
2834	49	1054
2835	24	1068
2836	3	1073
2837	3	14
2838	8	1069
2839	15	1068
2840	19	1082
2841	8	1053
2842	14	1067
2843	2	1068
2844	52	1137
2845	6	1078
2846	99	1069
2847	8	1068
2848	9	1068
2849	41	1069
2850	3	1078
2851	33	14
2852	28	11
2853	33	1042
2854	77	1069
2855	43	1068
2856	6	1064
2857	32	14
2858	8	1054
2859	85	1067
2860	8	1068
2861	34	1068
2862	21	1068
2863	13	1068
2864	14	1043
2865	1	1078
2866	64	1067
2867	15	1066
2868	2	1060
2869	3	16
2870	2	1073
2871	5	19
2872	15	1069
2873	13	1075
2874	2	1075
2875	6	19
2876	4	11
2877	59	11
2878	3	1102
2879	27	16
2880	46	14
2881	91	1063
2882	54	1064
2883	120	1067
2884	111	11
2885	98	1062
2886	2	1062
2887	32	14
2888	36	1069
2889	14	1067
2890	2	11
2891	2	11
2892	27	1069
2893	1	1068
2894	35	1069
2895	30	1068
2896	3	1070
2897	33	16
2898	11	1068
2899	16	1068
2900	18	1058
2901	37	1068
2902	117	1068
2903	34	1069
2904	59	14
2905	8	1064
2906	21	1073
2907	5	1078
2908	16	1053
2909	6	1071
2910	16	14
2911	81	1029
2912	35	1053
2913	38	1076
2914	120	19
2915	10	1034
2916	13	1039
2917	23	1053
2918	3	13
2919	13	11
2920	4	1039
2921	9	13
2922	2	13
2923	10	12
2924	2	1053
2925	14	13
2926	10	1053
2927	62	1054
2928	10	13
2929	67	1040
2930	8	11
2931	6	1057
2932	25	14
2933	1	1063
2934	21	14
2935	30	1062
2936	29	1067
2937	20	1067
2938	129	1060
2939	25	1068
2940	17	1066
2941	18	1066
2942	3	1067
2943	64	13
2944	130	1047
2945	166	1068
2946	1	13
2947	24	11
2948	2	1066
2949	28	13
2950	82	1049
2951	1	1075
2952	6	14
2953	30	1053
2954	70	14
2955	1	1072
2956	6	14
2957	81	1054
2958	136	1093
2959	100	1047
2960	97	1069
2961	84	1064
2962	8	14
2963	121	1061
2964	28	14
2965	6	1061
2966	8	1066
2967	6	1067
2968	8	1067
2969	27	1068
2970	2	1069
2971	2	17
2972	8	1051
2973	3	1068
2974	22	1068
2975	25	1068
2976	82	1068
2977	90	1068
2978	55	14
2979	36	1062
2980	40	1067
2981	98	1067
2982	24	1068
2983	4	1067
2984	9	1065
2985	8	1119
2986	47	1068
2987	59	1069
2988	22	1073
2989	2	1079
2990	16	16
2991	159	1040
2992	159	16
2993	15	1039
2994	10	1053
2995	3	1077
2996	17	1056
2997	31	1076
2998	56	1041
2999	75	1068
3000	108	1063
3001	11	1067
3002	43	1069
3003	11	1068
3004	29	1070
3005	29	1069
3006	47	1068
3007	1	1067
3008	1	1064
3009	234	13
3010	111	1068
3011	1	1069
3012	66	1047
3013	109	1068
3014	8	1063
3015	48	1067
3016	127	14
3017	10	1062
3018	9	13
3019	84	1070
3020	91	1068
3021	76	1067
3022	1	15
3023	55	11
3024	172	1068
3025	22	1069
3026	72	1052
3027	4	1078
3028	214	1054
3029	29	1068
3030	9	1068
3031	178	1068
3032	12	1068
3033	111	1068
3034	10	1069
3035	83	1133
3036	12	1068
3037	7	1068
3038	16	1068
3039	8	1068
3040	14	11
3041	3	1038
3042	29	1068
3043	77	1067
3044	7	1067
3045	145	1068
3046	10	1069
3047	32	1068
3048	91	1069
3049	73	1070
3050	89	13
3051	18	11
3052	4	11
3053	29	1975
3054	8	11
3055	19	11
3056	35	11
3057	65	11
3058	22	11
3059	24	11
3060	62	11
3061	7	13
3062	1	11
3063	3	11
3064	53	11
3065	14	11
3066	9	11
3067	29	11
3068	14	1055
3069	13	1070
3070	7	1068
3071	87	16
3072	3	1063
3073	2	17
3074	15	12
3075	148	1044
3076	66	1072
3077	12	1069
3078	35	1073
3079	2	1070
3080	26	1070
3081	1	1071
3082	10	1070
3083	23	1072
3084	9	23
3085	74	1064
3086	62	1071
3087	161	1072
3088	5	1078
3089	42	16
3090	80	1068
3091	42	1068
3092	16	1067
3093	11	1068
3094	156	1067
3095	21	1067
3096	64	993
3097	55	1088
3098	30	1059
3099	14	1070
3100	156	1064
3101	18	1101
3102	5	1061
3103	41	17
3104	22	16
3105	47	1058
3106	16	1070
3107	8	1071
3108	60	1072
3109	13	1070
3110	22	1070
3111	11	1069
3112	49	1067
3113	18	1072
3114	17	1071
3115	13	1073
3116	68	1071
3117	60	1071
3118	1	1071
3119	1	17
3120	97	1065
3121	43	1072
3122	4	1071
3123	25	17
3124	9	17
3125	143	1066
3126	35	1070
3127	14	1070
3128	1	1070
3129	18	17
3130	21	1071
3131	5	1070
3132	14	1070
3133	40	1069
3134	174	1065
3135	43	1079
3136	19	1066
3137	13	1070
3138	19	16
3139	29	1059
3140	2	1069
3141	3	17
3142	19	1081
3143	8	1094
3144	2	1057
3145	10	17
3146	57	1070
3147	2	1071
3148	4	1070
3149	2	17
3150	183	1071
3151	126	1070
3152	160	1070
3153	6	1070
3154	43	1070
3155	122	1073
3156	14	1069
3157	43	1070
3158	1	1072
3159	12	13
3160	8	1070
3161	71	1069
3162	32	1069
3163	15	1069
3164	21	1070
3165	11	1069
3166	18	1069
3167	13	1090
3168	53	1058
3169	65	1054
3170	23	1067
3171	9	1067
3172	10	1068
3173	9	1071
3174	8	1072
3175	1	1071
3176	21	13
3177	23	1062
3178	60	1067
3179	33	1072
3180	35	13
3181	53	1067
3182	12	1063
3183	38	1066
3184	5	1071
3185	24	13
3186	10	15
3187	2	1059
3188	22	13
3189	29	1066
3190	2	1071
3191	4	13
3192	7	13
3193	10	1046
3194	13	1058
3195	74	1058
3196	57	13
3197	170	1042
3198	9	1045
3199	15	1059
3200	276	1059
3201	14	2125
3202	4	13
3203	87	11
3204	21	1045
3205	16	1058
3206	43	1058
3207	78	1059
3208	121	1059
3209	1	1058
3210	45	11
3211	134	1033
3212	22	1045
3213	64	1082
3214	13	1551
3215	2	1061
3216	162	19
3217	33	1026
3218	25	1029
3219	18	1056
3220	29	1056
3221	28	1052
3222	16	14
3223	31	1034
3224	14	1012
3225	48	1052
3226	8	1015
3227	45	1050
3228	39	1046
3229	1	1066
3230	50	1062
3231	42	1064
3232	78	16
3233	83	1045
3234	31	1050
3235	7	1062
3236	4	1069
3237	28	14
3238	27	1064
3239	187	1064
3240	2	10
3241	8	10
3242	105	1063
3243	3	1070
3244	15	1063
3245	9	1062
3246	33	1064
3247	27	1063
3248	29	1064
3249	25	1062
3250	23	1063
3251	96	1063
3252	3	1068
3253	4	13
3254	32	1062
3255	15	1064
3256	2	1068
3257	21	12
3258	7	12
3259	4	1050
3260	81	1065
3261	24	1065
3262	8	1062
3263	24	1063
3264	43	13
3265	14	1049
3266	21	1050
3267	117	1062
3268	104	12
3269	55	1050
3270	1	1056
3271	3	12
3272	10	18
3273	5	1042
3274	93	1068
3275	39	1102
3276	14	12
3277	1	1057
3278	4	12
3279	25	1050
3280	12	1043
3281	4	1065
3282	92	1063
3283	17	1063
3284	13	9
3285	7	1044
3286	96	1063
3287	64	1062
3288	25	1053
3289	51	1062
3290	16	1062
3291	151	1063
3292	1	1067
3293	73	9
3294	121	1062
3295	166	1063
3296	222	1064
3297	77	1063
3298	95	1062
3299	41	1062
3300	4	17
3301	26	1045
3302	20	1062
3303	29	1064
3304	44	1062
3305	146	1063
3306	57	1062
3307	17	1062
3308	253	1063
3309	70	1062
3310	64	1062
3311	223	1063
3312	270	1054
3313	57	2117
3314	110	1063
3315	293	1063
3316	10	1062
3317	72	1062
3318	47	1062
3319	21	1062
3320	36	1062
3321	4	1062
3322	58	1063
3323	645	1063
3324	19	1062
3325	137	1063
3326	52	1062
3327	79	1062
3328	48	1062
3329	93	1063
3330	34	1063
3331	216	1063
3332	12	9
3333	64	1036
3334	157	1063
3335	3	1068
3336	13	9
3337	108	1053
3338	13	9
3339	167	1053
3340	97	1063
3341	169	1063
3342	46	1053
3343	256	1063
3344	143	1063
3345	116	1063
3346	90	1062
3347	165	1063
3348	190	1063
3349	8	1063
3350	29	1062
3351	78	1062
3352	26	1063
3353	35	1062
3354	80	1062
3355	144	1063
3356	6	1063
3357	61	1063
3358	74	9
3359	56	1053
3360	144	1062
3361	32	1062
3362	7	1045
3363	49	1062
3364	42	1063
3365	40	1062
3366	164	1053
3367	63	1062
3368	136	1062
3369	19	1063
3370	197	1062
3371	46	1062
3372	54	1062
3373	110	1063
3374	47	1063
3375	115	1063
3376	55	1063
3377	119	1062
3378	28	1062
3379	15	1063
3380	53	1062
3381	76	1063
3382	32	1050
3383	64	1064
3384	199	1064
3385	333	1062
3386	9	1062
3387	414	1063
3388	151	1063
3389	12	1063
3390	77	1063
3391	74	1062
3392	61	1063
3393	224	1063
3394	178	1063
3395	139	1062
3396	98	9
3397	36	1053
3398	133	15
3399	187	1047
3400	61	1063
3401	142	1063
3402	340	1063
3403	117	2118
3404	68	1062
3405	192	1063
3406	113	1063
3407	100	1062
3408	165	1062
3409	21	1062
3410	106	1053
3411	330	1063
3412	4	1062
3413	128	1062
3414	328	1063
3415	77	2117
3416	39	1062
3417	3	1068
3418	258	1062
3419	96	1063
3420	223	1063
3421	69	1063
3422	217	9
3423	11	1053
3424	31	1063
3425	331	1063
3426	6	1063
3427	126	1035
3428	7	1063
3429	39	1064
3430	63	1062
3431	28	1063
3432	68	1062
3433	132	1063
3434	25	1106
3435	112	1063
3436	210	9
3437	43	1052
3438	7	7
3439	8	1045
3440	188	1053
3441	4	1062
3442	113	1063
3443	167	1062
3444	60	1062
3445	106	1063
3446	164	1062
3447	121	1064
3448	90	1062
3449	81	1063
3450	145	1063
3451	4	1063
3452	236	1063
3453	351	1063
3454	40	1046
3455	31	1062
3456	264	1063
3457	13	1062
3458	176	1064
3459	62	1062
3460	495	9
3461	43	2054
3462	25	1063
3463	67	1062
3464	8	1062
3465	21	1063
3466	5	1063
3467	35	1062
3468	51	1062
3469	5	1062
3470	5	1052
3471	8	1063
3472	8	1063
3473	9	1062
3474	2	1068
3475	5	9
3476	108	10
3477	141	1052
3478	82	1054
3479	7	1063
3480	22	1053
3481	76	1063
3482	10	1062
3483	19	1063
3484	33	1063
3485	15	1062
3486	6	1062
3487	3	1073
3488	2	1068
3489	142	9
3490	129	1063
3491	39	1062
3492	22	1063
3493	27	1063
3494	111	9
3495	8	1053
3496	31	1063
3497	18	1063
3498	2	9
3499	30	7
3500	9	9
3501	4	1053
3502	4	1062
3503	42	1062
3504	53	9
3505	95	1053
3506	2	2058
3507	5	9
3508	47	1063
3509	11	1062
3510	16	1062
3511	7	1063
3512	3	1067
3513	20	9
3514	8	9
3515	10	1052
3516	3	1067
3517	78	9
3518	10	1063
3519	72	1063
3520	2	1068
3521	12	12
3522	4	1063
3523	4	1063
3524	8	1062
3525	18	1063
3526	21	1063
3527	65	1063
3528	12	1052
3529	8	1063
3530	4	1062
3531	7	1062
3532	1	1068
3533	149	9
3534	40	7
3535	5	1046
3536	4	1063
3537	3	1068
3538	53	1063
3539	22	1062
3540	78	1062
3541	2	1068
3542	38	1062
3543	8	1062
3544	11	1063
3545	5	1062
3546	64	1062
3547	25	1063
3548	14	1062
3549	28	1063
3550	14	1062
3551	1	1073
3552	12	1062
3553	17	1063
3554	3	1068
3555	38	9
3556	122	1063
3557	12	1063
3558	5	1062
3559	7	1063
3560	2	9
3561	6	10
3562	4	1062
3563	9	1062
3564	83	1062
3565	247	1063
3566	8	1062
3567	12	1062
3568	38	1063
3569	17	1062
3570	14	9
3571	59	1052
3572	257	1062
3573	38	1062
3574	43	1062
3575	2	1068
3576	9	1062
3577	18	1063
3578	6	9
3579	6	1052
3580	3	1072
3581	2	9
3582	1	1067
3583	3	9
3584	9	9
3585	6	1053
3586	6	1063
3587	1	1074
3588	10	1062
3589	10	1062
3590	7	1064
3591	7	1062
3592	68	1063
3593	35	1062
3594	113	1053
3595	2	1068
3596	32	1062
3597	3	1069
3598	1	1069
3599	1	9
3600	4	1062
3601	82	1063
3602	11	9
3603	22	1052
3604	12	1061
3605	1	1063
3606	12	1062
3607	8	1062
3608	68	1063
3609	8	1061
3610	32	1062
3611	17	1062
3612	5	1062
3613	1	1064
3614	32	1052
3615	18	1062
3616	31	1062
3617	5	1063
3618	1	1068
3619	7	9
3620	3	9
3621	1	1057
3622	36	1048
3623	72	1062
3624	14	9
3625	12	1053
3626	19	7
3627	103	1046
3628	45	1052
3629	39	1062
3630	30	9
3631	5	1053
3632	10	1062
3633	5	1063
3634	9	1063
3635	19	1062
3636	14	1062
3637	23	1062
3638	9	7
3639	12	1046
3640	6	1061
3641	45	1062
3642	23	9
3643	9	1053
3644	1	1067
3645	69	9
3646	1	1067
3647	50	9
3648	52	1062
3649	29	1062
3650	78	1063
3651	9	1062
3652	78	9
3653	10	1053
3654	6	1052
3655	103	1062
3656	32	1062
3657	23	1063
3658	14	1063
3659	131	1063
3660	46	1062
3661	47	1063
3662	1	1068
3663	3	9
3664	22	1062
3665	160	1062
3666	56	1063
3667	7	1062
3668	4	1062
3669	12	1062
3670	1	1067
3671	43	9
3672	8	1052
3673	68	1062
3674	59	1062
3675	9	1062
3676	8	1062
3677	2	1068
3678	36	1062
3679	11	1063
3680	107	1063
3681	4	1062
3682	13	1064
3683	8	1061
3684	21	1063
3685	2	1067
3686	4	9
3687	35	1053
3688	9	1062
3689	1	1072
3690	17	1062
3691	59	1063
3692	1	1068
3693	270	9
3694	7	1062
3695	27	1062
3696	34	1062
3697	10	1062
3698	59	1062
3699	18	1063
3700	36	1062
3701	84	1063
3702	5	9
3703	2	1058
3704	115	7
3705	16	1045
3706	6	1062
3707	55	1062
3708	13	1061
3709	1	1067
3710	2	1072
3711	2	9
3712	130	1062
3713	11	1062
3714	13	1062
3715	2	1068
3716	36	9
3717	29	1052
3718	19	1045
3719	5	1063
3720	14	1062
3721	7	1062
3722	2	1068
3723	92	9
3724	65	9
3725	24	1053
3726	70	1053
3727	7	1063
3728	15	1052
3729	1	1068
3730	23	1062
3731	11	1062
3732	16	1053
3733	33	1063
3734	178	1063
3735	77	1062
3736	7	1053
3737	6	1062
3738	14	1062
3739	27	1062
3740	8	1062
3741	124	1063
3742	11	9
3743	2	1058
3744	43	1062
3745	49	1063
3746	1	1067
3747	5	9
3748	3	1066
3749	16	9
3750	15	1062
3751	2	1067
3752	38	1063
3753	23	1062
3754	7	1062
3755	14	1062
3756	19	1062
3757	9	1062
3758	19	1063
3759	9	1062
3760	10	1062
3761	14	1062
3762	61	1063
3763	33	1062
3764	3	1068
3765	5	9
3766	6	1063
3767	2	1067
3768	2	1067
3769	7	9
3770	8	1061
3771	3	1066
3772	17	2061
3773	76	1062
3774	33	1061
3775	29	1062
3776	5	1062
3777	9	1061
3778	1	1066
3779	5	9
3780	3	1068
3781	25	9
3782	2	1071
3783	2	9
3784	62	1061
3785	2	1067
3786	11	2061
3787	23	1061
3788	1	1066
3789	6	9
3790	8	1061
3791	2	1066
3792	3	1066
3793	84	9
3794	4	1061
3795	48	1064
3796	56	9
3797	37	1052
3798	15	1061
3799	5	1061
3800	1	1067
3801	5	9
3802	1	1065
3803	8	9
3804	10	1061
3805	9	1061
3806	91	1062
3807	18	1061
3808	1	9
3809	4	7
3810	20	1036
3811	6	1061
3812	5	1061
3813	13	1061
3814	7	1061
3815	4	1061
3816	13	1061
3817	17	1061
3818	11	1061
3819	19	1060
3820	47	1061
3821	4	1062
3822	116	1061
3823	16	1061
3824	2	1066
3825	8	9
3826	5	9
3827	22	1052
3828	18	1061
3829	4	1061
3830	14	1061
3831	4	1061
3832	1	1066
3833	6	9
3834	91	1060
3835	25	1061
3836	4	1061
3837	10	1061
3838	3	1066
3839	7	9
3840	2	2066
3841	3	9
3842	3	1067
3843	32	9
3844	193	1062
3845	18	1061
3846	2	1066
3847	15	9
3848	4	1061
3849	3	1066
3850	4	1061
3851	14	1062
3852	3	1067
3853	23	9
3854	30	9
3855	2	1057
3856	15	1062
3857	6	1061
3858	4	1061
3859	6	1062
3860	1	1067
3861	14	9
3862	53	1023
3863	41	1061
3864	7	1061
3865	23	1061
3866	6	1066
3867	37	1060
3868	13	1062
3869	6	1061
3870	12	1062
3871	2	1067
3872	12	1061
3873	20	1062
3874	91	1062
3875	10	1061
3876	41	1061
3877	9	1062
3878	3	1066
3879	8	12
3880	4	1061
3881	107	1062
3882	2	9
3883	18	7
3884	7	1060
3885	4	1062
3886	4	9
3887	11	1052
3888	77	9
3889	14	1052
3890	4	1061
3891	10	1061
3892	3	1066
3893	34	9
3894	7	1061
3895	4	1062
3896	67	1062
3897	23	1061
3898	53	9
3899	3	1057
3900	31	9
3901	6	1052
3902	2	1066
3903	14	9
3904	2	9
3905	10	7
3906	7	1052
3907	28	1064
3908	27	1062
3909	5	1061
3910	34	1060
3911	1	1066
3912	15	9
3913	17	1052
3914	16	1061
3915	14	1061
3916	2	1057
3917	4	9
3918	4	1052
3919	24	1062
3920	10	9
3921	26	1053
3922	31	1059
3923	2	1064
3924	8	1062
3925	17	1061
3926	71	1061
3927	3	1066
3928	3	9
3929	21	1052
3930	14	1061
3931	9	1062
3932	12	1063
3933	19	1062
3934	16	7
3935	113	1044
3936	10	1061
3937	70	1061
3938	16	1060
3939	2	1067
3940	7	1062
3941	44	1062
3942	30	9
3943	28	1051
3944	13	1062
3945	71	1061
3946	12	1061
3947	14	1062
3948	1	1067
3949	3	9
3950	6	9
3951	2	1061
3952	1	1066
3953	6	9
3954	36	1061
3955	16	1062
3956	9	1052
3957	2	1071
3958	8	1061
3959	2	1067
3960	34	1061
3961	75	1061
3962	13	1062
3963	5	1061
3964	30	9
3965	2	1057
3966	22	1061
3967	4	1062
3968	6	1061
3969	4	1062
3970	2	9
3971	42	7
3972	11	1061
3973	79	1062
3974	37	1057
3975	15	1057
3976	9	1061
3977	1	1067
3978	17	1061
3979	23	1061
3980	7	1061
3981	3	1066
3982	2	1070
3983	1	9
3984	3	1066
3985	5	9
3986	14	1062
3987	39	1061
3988	23	1061
3989	57	1062
3990	13	1052
3991	3	1067
3992	16	12
3993	9	1048
3994	87	7
3995	12	1044
3996	7	1061
3997	2	1067
3998	47	1062
3999	6	1061
4000	2	1067
4001	6	9
4002	21	1063
4003	1	1066
4004	3	1046
4005	5	9
4006	1	9
4007	15	12
4008	10	1061
4009	19	1062
4010	8	1061
4011	25	1062
4012	8	1061
4013	10	1061
4014	21	10
4015	8	1052
4016	6	1052
4017	27	1061
4018	6	1059
4019	52	1061
4020	5	9
4021	2	1058
4022	36	1062
4023	17	1062
4024	29	1062
4025	3	1067
4026	42	1052
4027	9	1061
4028	5	1062
4029	18	1062
4030	3	1068
4031	9	25
4032	1	9
4033	62	7
4034	54	1052
4035	13	1061
4036	32	1061
4037	35	1061
4038	4	1061
4039	15	1062
4040	61	1051
4041	7	1060
4042	4	9
4043	23	1040
4044	49	10
4045	48	1051
4046	30	1061
4047	1	1066
4048	6	1061
4049	5	1062
4050	6	1062
4051	14	1061
4052	6	1058
4053	3	1067
4054	105	1061
4055	12	1061
4056	11	1062
4057	4	1061
4058	1	1067
4059	4	10
4060	21	1052
4061	8	1061
4062	75	1062
4063	8	1061
4064	14	1061
4065	34	1062
4066	22	1064
4067	11	1265
4068	41	1062
4069	34	1060
4070	9	1061
4071	14	1140
4072	13	1062
4073	65	1062
4074	3	1066
4075	9	9
4076	31	1061
4077	3	1067
4078	3	1066
4079	136	10
4080	27	9
4081	27	1051
4082	13	1052
4083	2	1067
4084	3	1071
4085	2	9
4086	3	1067
4087	3	10
4088	20	1061
4089	9	1060
4090	16	9
4091	16	1052
4092	7	9
4093	31	1038
4094	2	1060
4095	12	15
4096	19	2106
4097	3	1053
4098	7	1052
4099	29	1058
4100	8	1037
4101	2	1059
4102	2	1058
4103	7	9
4104	21	1054
4105	1	1059
4106	28	1053
4107	4	1054
4108	9	1039
4109	15	1053
4110	1	1064
4111	1	9
4112	26	1053
4113	2	1060
4114	13	1053
4115	21	1054
4116	10	1039
4117	4	1054
4118	14	9
4119	2	1045
4120	3	1040
4121	49	12
4122	12	1045
4123	2	1044
4124	5	1049
4125	10	1051
4126	7	1030
4127	8	1063
4128	58	1052
4129	13	1046
4130	90	13
4131	2	1038
4132	5	1049
4133	11	1052
4134	5	1057
4135	17	13
4136	68	1049
4137	15	1049
4138	2	1050
4139	3	12
4140	37	1029
4141	13	1056
4142	8	1054
4143	2	1053
4144	36	1054
4145	14	1055
4146	3	1060
4147	12	9
4148	3	9
4149	9	1057
4150	14	7
4151	22	1055
4152	8	1056
4153	28	1065
4154	3	1067
4155	21	10
4156	72	1063
4157	6	1077
4158	7	1068
4159	1	1046
4160	15	1063
4161	12	1063
4162	27	1063
4163	9	1064
4164	9	1054
4165	5	1063
4166	14	1061
4167	1	1090
4168	28	1066
4169	5	1082
4170	12	1065
4171	14	1067
4172	34	1068
4173	21	1065
4174	10	12
4175	7	1038
4176	1	1065
4177	1	13
4178	7	1059
4179	3	1066
4180	1	1053
4181	27	14
4182	3	12
4183	2	1057
4184	26	1053
4185	1	1749
4186	17	11
4187	6	1035
4188	7	11
4189	18	1037
4190	17	1053
4191	47	1119
4192	39	1035
4193	7	1055
4194	17	1054
4195	45	1054
4196	5	1053
4197	3	1060
4198	22	1054
4199	9	1056
4200	25	1055
4201	1	1060
4202	6	10
4203	72	1038
4204	19	7
4205	25	1027
4206	82	1054
4207	2	1059
4208	3	13
4209	1	1040
4210	12	1055
4211	17	1054
4212	33	1061
4213	32	1054
4214	9	1054
4215	37	1053
4216	16	1056
4217	22	1054
4218	3	1058
4219	4	9
4220	9	1054
4221	2	1059
4222	9	10
4223	10	1037
4224	6	1039
4225	69	1054
4226	1	1059
4227	22	9
4228	6	10
4229	12	1052
4230	44	1052
4231	1	1066
4232	3	1065
4233	10	9
4234	22	74
4235	48	1032
4236	4	1039
4237	4	1054
4238	1	1060
4239	25	9
4240	13	1054
4241	3	1059
4242	4	1054
4243	5	1054
4244	99	1053
4245	31	1054
4246	6	1054
4247	21	1054
4248	9	1053
4249	17	1055
4250	1	1058
4251	9	9
4252	7	1039
4253	1	1059
4254	18	1054
4255	17	1054
4256	37	1054
4257	1	1059
4258	19	1040
4259	35	1054
4260	33	1038
4261	18	1054
4262	4	1054
4263	13	1053
4264	31	1039
4265	9	1054
4266	113	1055
4267	21	1053
4268	3	1049
4269	1	9
4270	47	9
4271	1	1044
4272	17	1056
4273	8	1052
4274	4	9
4275	1	1044
4276	8	1054
4277	16	1054
4278	16	1054
4279	8	1055
4280	15	7
4281	19	1027
4282	52	10
4283	9	1012
4284	5	1053
4285	28	1054
4286	17	1054
4287	75	1055
4288	19	1054
4289	11	1054
4290	1	9
4291	1	7
4292	2	1064
4293	2	9
4294	4	1054
4295	10	1054
4296	4	1054
4297	4	1054
4298	14	1028
4299	67	1055
4300	12	1055
4301	4	1054
4302	4	1054
4303	24	1061
4304	1	1067
4305	17	9
4306	8	1060
4307	10	1061
4308	6	1062
4309	2	1067
4310	18	1061
4311	36	1061
4312	127	1062
4313	6	1061
4314	4	978
4315	9	1054
4316	6	1053
4317	9	1055
4318	21	1053
4319	119	1054
4320	14	1054
4321	15	1054
4322	30	1053
4323	19	1054
4324	43	9
4325	2	1044
4326	31	1054
4327	9	1053
4328	1	1043
4329	13	9
4330	52	1055
4331	32	1054
4332	1	1058
4333	12	9
4334	6	7
4335	32	1013
4336	1	7
4337	1	7
4338	17	1061
4339	5	1061
4340	23	9
4341	1	1057
4342	1	1066
4343	6	9
4344	4	1061
4345	5	1062
4346	2	1066
4347	10	9
4348	3	1070
4349	2	9
4350	6	1062
4351	45	1061
4352	1	1066
4353	11	9
4354	18	1061
4355	10	1060
4356	14	1060
4357	24	1062
4358	49	1062
4359	11	1061
4360	1	1065
4361	15	9
4362	89	1062
4363	28	1060
4364	55	1062
4365	54	1061
4366	1	1066
4367	5	9
4368	7	1060
4369	50	1061
4370	40	1051
4371	1	1067
4372	5	1060
4373	25	1060
4374	5	1059
4375	16	1062
4376	13	1062
4377	10	1062
4378	14	1062
4379	26	1063
4380	25	1061
4381	1	1067
4382	14	1062
4383	16	1062
4384	2	1072
4385	2	9
4386	7	1062
4387	11	1062
4388	4	1062
4389	21	1062
4390	1	9
4391	29	10
4392	6	1012
4393	7	1066
4394	7	1062
4395	8	1062
4396	9	1062
4397	35	1062
4398	38	1061
4399	8	1061
4400	62	1063
4401	43	1062
4402	7	1062
4403	83	1062
4404	8	1045
4405	10	1062
4406	22	1052
4407	62	1062
4408	12	9
4409	36	1053
4410	22	1046
4411	18	1062
4412	7	9
4413	6	1053
4414	16	1052
4415	3	1068
4416	35	9
4417	27	1052
4418	44	1062
4419	6	1062
4420	13	7
4421	36	1041
4422	1	1067
4423	3	9
4424	42	7
4425	38	1045
4426	6	1052
4427	4	1062
4428	20	9
4429	2	1057
4430	27	1067
4431	4	1058
4432	102	10
4433	18	1051
4434	3	1056
4435	4	9
4436	23	1063
4437	22	1062
4438	2	9
4439	3	7
4440	17	1062
4441	23	1062
4442	34	1063
4443	22	1062
4444	32	1062
4445	10	1062
4446	31	1062
4447	14	1061
4448	6	1061
4449	2	1067
4450	6	1062
4451	11	1062
4452	11	1062
4453	9	1061
4454	17	1061
4455	13	1046
4456	14	1053
4457	16	1062
4458	25	1062
4459	10	1064
4460	4	1062
4461	3	1068
4462	10	1062
4463	17	1061
4464	16	1063
4465	10	1061
4466	5	1045
4467	1	1067
4468	3	1066
4469	24	9
4470	1	1067
4471	29	9
4472	6	1061
4473	8	1062
4474	48	1062
4475	2	1068
4476	41	1062
4477	86	1062
4478	9	1062
4479	21	1061
4480	10	1062
4481	39	1062
4482	19	1051
4483	2	1070
4484	21	1062
4485	3	1068
4486	10	1062
4487	17	1062
4488	3	1068
4489	7	10
4490	5	1053
4491	11	1062
4492	3	1058
4493	24	9
4494	97	7
4495	8	1045
4496	17	1063
4497	12	1064
4498	6	1062
4499	2	1074
4500	20	1044
4501	4	1064
4502	7	1062
4503	12	1063
4504	26	1062
4505	1	1069
4506	51	1063
4507	30	1062
4508	28	7
4509	18	1042
4510	22	9
4511	13	1053
4512	16	1063
4513	9	1063
4514	36	9
4515	3	1060
4516	4	1063
4517	49	1037
4518	33	1062
4519	37	1063
4520	5	1063
4521	9	1063
4522	26	9
4523	32	1053
4524	38	1062
4525	37	1063
4526	3	1067
4527	27	9
4528	6	1052
4529	96	1063
4530	27	1061
4531	6	1062
4532	12	7
4533	11	1044
4534	5	7
4535	18	1045
4536	108	1053
4537	12	1061
4538	13	9
4539	25	1051
4540	1	9
4541	2	7
4542	61	1027
4543	1	1068
4544	23	1061
4545	36	1062
4546	18	1061
4547	16	1062
4548	4	1052
4549	34	1061
4550	13	1062
4551	14	1062
4552	11	1061
4553	14	1062
4554	41	1061
4555	14	1062
4556	8	1061
4557	23	1062
4558	3	1067
4559	56	10
4560	3	1058
4561	10	9
4562	12	9
4563	7	1051
4564	32	1051
4565	15	1062
4566	5	1051
4567	55	1061
4568	1	1067
4569	17	9
4570	2	1067
4571	8	9
4572	1	1067
4573	28	9
4574	3	1067
4575	18	9
4576	3	1031
4577	68	10
4578	68	1052
4579	97	1061
4580	35	1062
4581	40	1061
4582	5	1061
4583	1	1068
4584	65	1062
4585	31	1062
4586	10	1061
4587	5	1061
4588	4	1061
4589	5	1061
4590	5	9
4591	6	1052
4592	5	1061
4593	4	1061
4594	10	1061
4595	24	1062
4596	33	1061
4597	5	1062
4598	4	1058
4599	13	9
4600	151	1062
4601	10	1061
4602	14	1062
4603	18	1061
4604	5	1061
4605	4	1069
4606	13	1062
4607	12	1061
4608	16	1062
4609	26	1067
4610	26	1061
4611	13	1064
4612	3	1063
4613	25	9
4614	85	1062
4615	23	1064
4616	2	1067
4617	59	9
4618	8	1061
4619	6	1062
4620	26	1062
4621	203	1063
4622	15	1052
4623	2	1068
4624	42	9
4625	20	1053
4626	9	1063
4627	30	1062
4628	15	1061
4629	3	1068
4630	3	1067
4631	4	9
4632	28	1062
4633	14	1062
4634	2	1067
4635	9	9
4636	19	1049
4637	50	1061
4638	38	1061
4639	2	1068
4640	28	1062
4641	9	1061
4642	4	9
4643	6	1052
4644	3	1073
4645	1	9
4646	8	1061
4647	1	1068
4648	2	1067
4649	119	9
4650	15	1062
4651	20	1062
4652	15	1061
4653	4	1062
4654	24	1061
4655	4	1062
4656	1	1057
4657	17	9
4658	13	9
4659	5	1052
4660	27	1030
4661	6	1060
4662	41	9
4663	11	1052
4664	29	1061
4665	1	1068
4666	6	1061
4667	16	1061
4668	10	1062
4669	16	1061
4670	19	12
4671	19	1050
4672	4	1051
4673	10	1061
4674	10	9
4675	11	1052
4676	39	1062
4677	27	1061
4678	17	9
4679	8	1052
4680	5	1061
4681	43	1061
4682	56	1062
4683	45	1062
4684	11	1062
4685	7	1062
4686	3	1067
4687	15	9
4688	35	1061
4689	5	1062
4690	20	7
4691	10	1044
4692	99	1052
4693	16	1061
4694	31	1061
4695	161	1062
4696	3	9
4697	4	1052
4698	8	9
4699	15	1052
4700	5	1062
4701	89	1061
4702	8	1061
4703	10	1062
4704	9	1061
4705	85	1062
4706	2	1066
4707	20	9
4708	15	1059
4709	36	1061
4710	31	1058
4711	1	1061
4712	16	9
4713	28	1057
4714	34	1061
4715	5	1061
4716	31	1061
4717	25	1061
4718	8	1061
4719	1	1060
4720	98	7
4721	2	1054
4722	2	9
4723	28	7
4724	7	1061
4725	19	1061
4726	149	1061
4727	82	1061
4728	64	1064
4729	457	1062
4730	17	1060
4731	162	1062
4732	34	1058
4733	88	1062
4734	10	7
4735	116	1056
4736	141	1062
4737	90	1065
4738	66	1050
4739	14	1062
4740	3	1067
4741	27	9
4742	113	1052
4743	29	1061
4744	80	1061
4745	340	1062
4746	35	10
4747	75	1051
4748	112	1052
4749	55	1061
4750	6	1062
4751	44	1061
4752	15	1052
4753	16	1061
4754	46	1062
4755	5	1061
4756	5	1061
4757	5	1062
4758	38	1061
4759	37	1061
4760	7	1061
4761	43	1061
4762	7	1052
4763	7	1061
4764	4	9
4765	18	1052
4766	28	1062
4767	4	1061
4768	13	1062
4769	28	1063
4770	4	1062
4771	1	1068
4772	5	13
4773	8	1048
4774	121	9
4775	109	1053
4776	75	1061
4777	44	1062
4778	78	1062
4779	77	1062
4780	150	1062
4781	76	1032
4782	27	1061
4783	57	1062
4784	128	1051
4785	440	1062
4786	271	1062
4787	72	2116
4788	45	1062
4789	115	1062
4790	235	1052
4791	128	1061
4792	143	10
4793	18	1052
4794	9	1061
4795	16	1062
4796	60	1052
4797	154	1062
4798	58	1061
4799	65	1062
4800	24	1062
4801	4	1061
4802	18	1062
4803	42	1063
4804	126	1052
4805	145	1062
4806	133	10
4807	118	1042
4808	144	1062
4809	45	1061
4810	16	9
4811	90	1052
4812	28	1062
4813	8	1061
4814	25	9
4815	2	1059
4816	39	1061
4817	20	1061
4818	26	1062
4819	12	1062
4820	4	1061
4821	15	1062
4822	2	1067
4823	26	9
4824	49	1062
4825	29	1061
4826	30	1061
4827	23	1062
4828	8	9
4829	47	1051
4830	12	1062
4831	12	1062
4832	25	1063
4833	51	1062
4834	20	1062
4835	11	1062
4836	16	1062
4837	74	1061
4838	41	1062
4839	98	1062
4840	162	1062
4841	7	2846
4842	39	1063
4843	24	1062
4844	458	1062
4845	65	2061
4846	5	7
4847	4	1055
4848	10	1045
4849	13	1062
4850	28	1052
4851	37	1062
4852	120	1061
4853	26	1062
4854	16	1052
4855	5	1063
4856	18	1062
4857	18	1062
4858	95	1062
4859	10	1062
4860	11	1061
4861	60	1062
4862	52	9
4863	22	1052
4864	12	1061
4865	21	1061
4866	11	1062
4867	6	1062
4868	26	1052
4869	8	1062
4870	11	1052
4871	3	1069
4872	3	1067
4873	22	9
4874	23	1062
4875	4	1062
4876	19	1062
4877	18	1062
4878	42	9
4879	15	1052
4880	39	9
4881	7	1052
4882	207	1063
4883	29	1062
4884	52	1052
4885	109	1062
4886	17	1051
4887	47	1062
4888	27	9
4889	16	1052
4890	7	1061
4891	1	1068
4892	15	9
4893	9	1052
4894	16	1062
4895	15	1062
4896	25	1062
4897	5	1061
4898	5	9
4899	28	1052
4900	22	1062
4901	62	1062
4902	49	1052
4903	12	1061
4904	16	1052
4905	5	1062
4906	12	1052
4907	44	1061
4908	15	1062
4909	49	1062
4910	23	1051
4911	10	1061
4912	6	1062
4913	67	1063
4914	52	1062
4915	60	1062
4916	77	1062
4917	22	1061
4918	21	9
4919	13	1053
4920	6	9
4921	5	1052
4922	4	1067
4923	94	10
4924	16	9
4925	42	1053
4926	8	1062
4927	8	1062
4928	20	1053
4929	1	1068
4930	90	10
4931	49	1052
4932	119	1063
4933	3	1072
4934	67	1044
4935	123	1062
4936	55	1062
4937	49	1061
4938	96	1062
4939	163	1062
4940	117	1052
4941	54	1062
4942	92	7
4943	190	1045
4944	123	1062
4945	129	1061
4946	30	1063
4947	10	1062
4948	14	10
4949	236	1052
4950	2	1068
4951	9	9
4952	34	1062
4953	89	1062
4954	72	1062
4955	70	1061
4956	67	9
4957	3	1059
4958	20	1062
4959	88	1032
4960	222	1062
4961	15	1061
4962	138	1061
4963	11	1062
4964	104	1062
4965	5	1061
4966	1	1079
4967	1	9
4968	1	1042
4969	6	13
4970	11	9
4971	2	1059
4972	7	9
4973	8	1053
4974	4	1061
4975	3	1073
4976	48	1044
4977	11	1063
4978	4	1062
4979	39	1062
4980	1	1067
4981	3	9
4982	8	1051
4983	2	1068
4984	3	1073
4985	1	9
4986	8	1061
4987	40	1062
4988	18	7
4989	15	1045
4990	6	1062
4991	4	1063
4992	14	7
4993	32	1045
4994	3	1058
4995	11	9
4996	7	9
4997	4	1052
4998	49	7
4999	11	1044
5000	18	9
5001	24	1053
5002	26	9
5003	16	1052
5004	6	1030
5005	5	1061
5006	14	9
5007	16	1052
5008	3	9
5009	10	1052
5010	3	11
5011	9	1051
5012	21	8
5013	40	1041
5014	31	1048
5015	33	1075
5016	4	11
5017	8	1050
5018	17	1067
5019	18	1062
5020	9	1066
5021	30	1062
5022	19	1053
5023	5	1062
5024	14	1065
5025	15	1062
5026	33	1066
5027	1	1069
5028	14	1062
5029	5	1064
5030	28	7
5031	6	1045
5032	24	10
5033	16	1052
5034	1	1091
5035	1	12
5036	4	7
5037	11	1027
5038	1	1056
5039	21	9
5040	25	1063
5041	15	1063
5042	5	1064
5043	15	1062
5044	12	1051
5045	9	1063
5046	43	1062
5047	1	1070
5048	5	1065
5049	3	1069
5050	18	1062
5051	15	1065
5052	5	10
5053	10	1053
5054	6	1062
5055	31	1064
5056	19	1062
5057	14	1063
5058	75	1063
5059	3	1068
5060	9	12
5061	4	1049
5062	6	1066
5063	19	1062
5064	7	1063
5065	41	1062
5066	8	9
5067	10	1053
5068	60	1054
5069	37	1062
5070	19	1064
5071	16	1062
5072	18	1050
5073	13	1063
5074	1	11
5075	5	7
5076	3	9
5077	41	1054
5078	12	1054
5079	2	1079
5080	16	7
5081	2	1042
5082	1	1079
5083	2	10
5084	6	1037
5085	18	1067
5086	33	1062
5087	3	1071
5088	26	1061
5089	1	1068
5090	6	1062
5091	1	1073
5092	2	1051
5093	4	9
5094	38	7
5095	31	1045
5096	14	1061
5097	3	1069
5098	12	1061
5099	10	1062
5100	32	1062
5101	13	1062
5102	20	1061
5103	26	1062
5104	11	7
5105	4	1044
5106	5	9
5107	3	1058
5108	12	1061
5109	10	1062
5110	5	1052
5111	4	1069
5112	12	1062
5113	34	1061
5114	7	1062
5115	3	1021
5116	7	1062
5117	2	1068
5118	54	1062
5119	1	1067
5120	47	1062
5121	7	1062
5122	24	1062
5123	16	1061
5124	3	1052
5125	6	12
5126	25	1061
5127	74	1062
5128	15	1061
5129	95	1063
5130	11	1062
5131	16	1062
5132	34	1064
5133	5	1061
5134	13	1062
5135	14	1062
5136	10	1061
5137	4	1061
5138	2	1061
5139	8	9
5140	2	1062
5141	27	9
5142	41	1063
5143	91	1064
5144	6	1061
5145	29	1061
5146	4	1062
5147	4	1061
5148	49	1062
5149	4	1062
5150	12	1034
5151	40	1061
5152	7	9
5153	8	1056
5154	7	9
5155	13	1058
5156	50	9
5157	2	1058
5158	9	1062
5159	13	1062
5160	2	7
5161	22	11
5162	7	1062
5163	72	1061
5164	58	1062
5165	24	1062
5166	10	1057
5167	17	1062
5168	7	1061
5169	20	1061
5170	18	7
5171	6	1055
5172	45	1057
5173	36	1062
5174	22	9
5175	7	1059
5176	22	1058
5177	8	1061
5178	4	1057
5179	2	1062
5180	8	1063
5181	8	1062
5182	8	1060
5183	11	1061
5184	10	1062
5185	29	1061
5186	7	1061
5187	30	1064
5188	14	1061
5189	13	1061
5190	1	1062
5191	88	14
5192	9	1061
5193	13	1061
5194	9	1062
5195	7	1062
5196	3	1060
5197	20	9
5198	1	1061
5199	4	9
5200	1	1058
5201	5	9
5202	14	7
5203	4	1055
5204	4	1057
5205	3	1062
5206	44	1062
5207	37	1061
5208	5	1062
5209	30	1061
5210	3	1058
5211	12	9
5212	59	1062
5213	2	1061
5214	43	1055
5215	19	1061
5216	7	1062
5217	3	1061
5218	6	1062
5219	39	1061
5220	48	1061
5221	11	1061
5222	21	1062
5223	9	1061
5224	45	1061
5225	176	1062
5226	4	1061
5227	26	9
5228	1	1061
5229	19	9
5230	24	1063
5231	13	1060
5232	34	1062
5233	8	1062
5234	8	1062
5235	34	1062
5236	42	2117
5237	9	1061
5238	32	1061
5239	33	1062
5240	20	1061
5241	32	1061
5242	14	1061
5243	11	1062
5244	1	2061
5245	29	9
5246	2	1061
5247	13	9
5248	14	1057
5249	2	1061
5250	12	1062
5251	23	1063
5252	5	1061
5253	6	1061
5254	1	1062
5255	7	9
5256	45	9
5257	7	1058
5258	6	1063
5259	1	1061
5260	37	9
5261	3	1058
5262	7	9
5263	1	1058
5264	2	1056
5265	5	9
5266	52	1058
5267	54	1061
5268	10	9
5269	29	1057
5270	25	1062
5271	32	1061
5272	9	1061
5273	45	1062
5274	3	1018
5275	39	9
5276	2	1062
5277	18	9
5278	7	1062
5279	11	1062
5280	45	1062
5281	3	1062
5282	7	1057
5283	7	1061
5284	4	1061
5285	1	1061
5286	11	1061
5287	12	1064
5288	3	9
5289	13	1058
5290	37	1062
5291	31	1062
5292	1	1061
5293	27	9
5294	14	1058
5295	12	1061
5296	8	1059
5297	10	1061
5298	1	1061
5299	14	9
5300	2	1061
5301	16	9
5302	7	1062
5303	10	1062
5304	6	1061
5305	2	1061
5306	1	9
5307	15	7
5308	7	1062
5309	3	1061
5310	10	1061
5311	6	1062
5312	73	1062
5313	4	1061
5314	9	1061
5315	6	1062
5316	13	1061
5317	2	1062
5318	5	1062
5319	9	1061
5320	2	1061
5321	4	9
5322	1	1058
5323	3	9
5324	27	1061
5325	13	1061
5326	26	9
5327	25	1058
5328	49	9
5329	14	1058
5330	3	9
5331	22	1059
5332	29	1058
5333	11	1061
5334	21	1062
5335	2	1061
5336	4	1061
5337	22	1062
5338	11	1061
5339	11	1061
5340	3	1062
5341	31	9
5342	14	1062
5343	6	1062
5344	2	1062
5345	20	12
5346	4	1061
5347	28	1062
5348	1	1057
5349	9	9
5350	4	1061
5351	25	1062
5352	4	1061
5353	20	9
5354	22	1057
5355	7	1062
5356	3	1061
5357	21	9
5358	68	1062
5359	62	1061
5360	9	1058
5361	6	1061
5362	53	1063
5363	7	1061
5364	6	1061
5365	53	1062
5366	1	1061
5367	18	9
5368	11	1063
5369	48	1059
5370	19	1049
5371	7	1062
5372	17	1061
5373	2	1063
5374	6	9
5375	2	1058
5376	1	1061
5377	204	9
5378	38	1062
5379	5	1062
5380	17	1062
5381	12	1062
5382	3	1061
5383	5	9
5384	23	1062
5385	2	1061
5386	1	2115
5387	7	9
5388	1	1061
5389	4	9
5390	76	1066
5391	2	1068
5392	47	1062
5393	5	1062
5394	2	1067
5395	4	9
5396	46	1062
5397	43	1062
5398	5	1062
5399	2	1069
5400	19	1062
5401	28	1062
5402	6	1062
5403	27	1062
5404	6	1063
5405	3	1074
5406	20	1045
5407	3	1069
5408	9	1062
5409	3	1074
5410	62	1040
5411	3	1069
5412	48	1063
5413	10	1062
5414	3	1069
5415	6	10
5416	8	1062
5417	18	1063
5418	6	9
5419	7	1053
5420	18	1063
5421	2	1070
5422	8	1063
5423	31	1063
5424	2	1068
5425	81	9
5426	77	1053
5427	5	1062
5428	53	1060
5429	10	1064
5430	1	1068
5431	5	9
5432	6	9
5433	16	1053
5434	1	1068
5435	51	9
5436	5	1064
5437	196	1062
5438	36	1063
5439	27	1062
5440	10	1052
5441	8	1062
5442	7	1062
5443	18	1062
5444	1	1058
5445	4	9
5446	9	1063
5447	25	1064
5448	6	1062
5449	73	1063
5450	18	1063
5451	16	1062
5452	15	1052
5453	29	1062
5454	7	1053
5455	4	1070
5456	1	1068
5457	34	9
5458	1	1068
5459	6	9
5460	3	1058
5461	7	9
5462	4	1068
5463	23	9
5464	8	1062
5465	36	1062
5466	7	1062
5467	1	1069
5468	37	10
5469	6	1052
5470	5	10
5471	30	1053
5472	38	1062
5473	5	1063
5474	3	8
5475	40	1055
5476	9	1053
5477	72	1062
5478	2	1060
5479	3	8
5480	4	1059
5481	5	8
5482	52	1062
5483	22	1063
5484	80	1062
5485	1	1069
5486	7	1063
5487	12	1063
5488	27	8
5489	16	1055
5490	8	1063
5491	1	1069
5492	9	1062
5493	12	1062
5494	1	8
5495	43	6
5496	28	8
5497	6	1054
5498	1	10
5499	58	6
5500	26	1062
5501	1	1069
5502	27	8
5503	6	1054
5504	46	1063
5505	10	1063
5506	1	1040
5507	17	11
5508	24	1063
5509	21	1062
5510	25	1062
5511	236	1064
5512	5	21
5513	6	1010
5514	2	1063
5515	4	8
5516	3	1063
5517	6	8
5518	7	1050
5519	5	1062
5520	2	1069
5521	5	8
5522	23	1062
5523	5	1062
5524	11	1054
5525	28	1063
5526	37	8
5527	1	1061
5528	10	8
5529	20	1054
5530	5	1062
5531	7	1063
5532	5	8
