1	30	0
2	99	157
3	27	1127
4	80	55
5	13	1778
6	138	135
7	124	1305
8	110	1378
9	97	1384
10	21	1155
11	4	72
12	88	71
13	50	1337
14	68	1391
15	325	1262
16	144	1249
17	53	1275
18	19	1608
19	100	72
20	10	1132
21	6	87
22	385	71
23	20	2375
24	135	52
25	23	2332
26	72	115
27	23	1146
28	91	74
29	156	1131
30	379	1134
31	227	2200
32	92	1081
33	132	1282
34	8	1069
35	159	1073
36	57	1072
37	260	1087
38	20	1072
39	127	1071
40	22	1071
41	110	1071
42	61	1072
43	43	1076
44	8	1073
45	127	1073
46	131	1072
47	91	1072
48	132	1221
49	320	4154
50	121	2100
51	15	1053
52	47	1068
53	57	1067
54	157	1057
55	68	1051
56	79	1228
57	98	1051
58	86	1056
59	285	1054
60	27	2111
61	83	1348
62	185	3182
63	358	1083
64	27	2129
65	277	1072
66	43	2129
67	12	3172
68	180	1071
69	87	1079
70	135	1079
71	86	1080
72	24	1092
73	59	1076
74	54	1079
75	35	1100
76	3	1041
77	13	33
78	360	1041
79	207	2127
80	72	1076
81	219	3785
82	6	1092
83	31	33
84	109	1051
85	8	1090
86	19	32
87	2	1091
88	132	45
89	8	1100
90	68	33
91	58	1039
92	179	1076
93	190	1072
94	29	1073
95	43	1076
96	628	1074
97	125	3121
98	110	1081
99	278	1073
100	125	2130
101	66	1224
102	114	31
103	16	1138
104	80	31
105	258	1040
106	35	1071
107	132	1072
108	60	1072
109	60	1072
110	69	1073
111	5	1085
112	7	31
113	189	1040
114	51	1072
115	22	1167
116	9	1636
117	254	53
118	35	1006
119	145	1073
120	35	1073
121	3	1107
122	28	45
123	36	1034
124	97	1084
125	17	1081
126	83	1065
127	177	1075
128	57	1073
129	6	1241
130	147	62
131	34	1003
132	18	1075
133	110	1074
134	98	1074
135	35	1087
136	16	1073
137	148	1081
138	57	1075
139	102	1073
140	2	1088
141	111	31
142	35	1044
143	279	1097
144	3	2123
145	120	31
146	124	1071
147	333	1071
148	40	2129
149	94	1432
150	313	1082
151	31	2160
152	402	1088
153	7	2111
154	102	50
155	152	1036
156	33	1087
157	98	1087
158	118	1442
159	131	1083
160	14	1100
161	22	1088
162	164	1087
163	340	1091
164	49	2165
165	260	1051
166	231	1055
167	139	1054
168	91	4656
169	20	1066
170	122	1082
171	5	1104
172	168	47
173	10	1057
174	191	47
175	254	1039
176	111	1095
177	324	1231
178	186	2130
179	103	1077
180	55	5203
181	166	1078
182	155	1083
183	147	1217
184	57	1077
185	196	1078
186	15	6883
187	14	54
188	1	1022
189	68	33
190	277	1047
191	12	2142
192	89	1079
193	179	1078
194	33	1082
195	6	1095
196	170	36
197	54	1045
198	33	1113
199	78	1090
200	34	1740
201	1	423
202	473	54
203	241	2022
204	93	1076
205	43	1072
206	91	1072
207	87	1072
208	632	1076
209	43	3126
210	67	1077
211	88	1076
212	19	1029
213	12	1053
214	99	1054
215	8	1051
216	40	1055
217	68	1067
218	6	1059
219	12	32
220	47	1007
221	39	1053
222	39	1054
223	150	1053
224	30	1053
225	298	1053
226	142	2106
227	5	1066
228	24	31
229	69	1008
230	26	1054
231	130	1057
232	56	1049
233	86	1053
234	69	1053
235	193	1053
236	81	1055
237	83	1051
238	22	1076
239	31	1035
240	420	1052
241	90	2074
242	163	1054
243	7	1077
244	320	31
245	100	2060
246	5	1170
247	116	31
248	55	1014
249	67	1052
250	126	1056
251	39	1091
252	37	1286
253	187	45
254	50	1037
255	14	1081
256	196	1085
257	59	1084
258	122	2858
259	128	1088
260	75	1105
261	443	1093
262	149	2095
263	98	1085
264	33	1755
265	56	1073
266	30	1084
267	55	1085
268	10	1094
269	93	39
270	82	1042
271	79	1075
272	340	1074
273	112	3127
274	53	1069
275	60	1071
276	308	1072
277	217	1523
278	325	1057
279	24	2207
280	29	1057
281	14	1053
282	49	1055
283	114	1058
284	74	1057
285	357	1562
286	79	2093
287	130	1054
288	393	854
289	24	2254
290	28	1056
291	113	1055
292	241	1056
293	31	1053
294	18	1075
295	125	1055
296	226	32
297	31	1031
298	17	1055
299	175	1055
300	69	2108
301	220	3398
302	59	1054
303	74	1257
304	20	4627
305	45	1069
306	54	31
307	56	1041
308	125	1073
309	44	1074
310	4	1116
311	5	33
312	3	1087
313	17	31
314	51	4557
315	173	1066
316	211	1073
317	263	1074
318	26	1074
319	19	1075
320	66	1074
321	151	1075
322	190	1073
323	24	1073
324	172	1073
325	36	1074
326	24	1073
327	39	1031
328	20	1227
329	245	35
330	115	1072
331	22	1072
332	41	6199
333	112	1051
334	99	2109
335	93	1053
336	187	1055
337	204	1054
338	40	1054
339	48	1059
340	137	1822
341	76	1960
342	379	1054
343	6	4147
344	52	2114
345	21	1049
346	26	1053
347	10	1056
348	268	2109
349	56	2109
350	204	2112
351	15	1052
352	89	1055
353	36	1054
354	93	1072
355	28	1075
356	9	1036
357	107	1069
358	26	1073
359	59	1073
360	46	1073
361	11	1074
362	69	1040
363	110	1073
364	90	1089
365	324	1071
366	69	1074
367	116	1072
368	142	1037
369	98	1090
370	154	45
371	201	1042
372	656	75
373	39	3027
374	162	34
375	112	1040
376	115	1077
377	20	1075
378	44	1076
379	523	2874
380	94	1075
381	29	1055
382	113	1065
383	13	1072
384	19	2137
385	319	1050
386	115	1054
387	32	1053
388	28	1055
389	15	1098
390	44	1070
391	35	1070
392	93	1070
393	118	1069
394	29	1070
395	119	1069
396	278	27
397	48	2110
398	162	1070
399	4	1063
400	36	1084
401	39	1086
402	151	1063
403	91	1087
404	108	1086
405	113	1086
406	17	43
407	55	1044
408	299	953
409	77	2137
410	43	1075
411	277	1077
412	24	1073
413	86	1073
414	65	1076
415	63	1077
416	96	1076
417	13	1037
418	200	1043
419	33	1076
420	58	1080
421	92	1080
422	84	1082
423	333	1073
424	43	1081
425	159	1079
426	344	1075
427	24	4873
428	11	2050
429	36	39
430	48	11415
431	330	61
432	74	1073
433	101	1073
434	88	1075
435	23	1087
436	112	2137
437	30	1070
438	10	1080
439	376	1075
440	105	29
441	44	1050
442	164	1079
443	18	1075
444	59	1077
445	97	1078
446	11	1080
447	101	1092
448	49	3874
449	185	1074
450	29	46
451	164	1021
452	265	1077
453	12	1075
454	84	1074
455	41	1073
456	267	5443
457	123	1040
458	21	1053
459	1	1067
460	134	1053
461	46	1054
462	56	1886
463	18	1053
464	52	1073
465	37	1075
466	73	1068
467	63	1078
468	153	1073
469	127	1071
470	76	1073
471	154	3325
472	153	1082
473	16	1054
474	34	1069
475	49	1055
476	83	1077
477	29	1101
478	170	1072
479	86	1074
480	73	1074
481	18	1074
482	16	29
483	209	1116
484	64	2133
485	69	1074
486	52	1073
487	98	1094
488	7	30
489	703	1000
490	82	1073
491	30	1074
492	118	1039
493	67	1080
494	594	1041
495	56	3163
496	38	1038
497	96	1074
498	24	1076
499	200	1073
500	357	1078
501	114	2112
502	22	3127
503	55	1080
504	21	1076
505	115	1075
506	3	1068
507	66	33
508	10	1056
509	50	1082
510	67	1055
511	94	1055
512	85	1228
513	99	1051
514	73	1055
515	56	1054
516	86	1060
517	3	1083
518	30	1033
519	243	1055
520	219	1053
521	24	1096
522	9	1052
523	12	1053
524	20	1053
525	60	1055
526	181	1128
527	39	1073
528	158	1016
529	192	1045
530	381	2456
531	9	2105
532	16	1315
533	108	1457
534	209	1066
535	123	1058
536	523	1008
537	123	3139
538	66	1075
539	22	1400
540	35	1077
541	10	1138
542	178	1080
543	244	1086
544	65	1079
545	22	1181
546	41	34
547	140	1042
548	151	1094
549	69	1082
550	49	39
551	43	1038
552	43	1078
553	40	1078
554	77	1076
555	10	1073
556	23	2106
557	49	1055
558	103	2081
559	98	1074
560	44	1043
561	50	1078
562	57	1102
563	62	1073
564	29	1114
565	15	1115
566	6	1085
567	153	30
568	63	1073
569	1	1064
570	168	1074
571	30	1075
572	4	1086
573	36	30
574	245	1074
575	22	1073
576	62	1073
577	151	1074
578	298	1047
579	35	2130
580	329	1073
581	177	2227
582	40	3227
583	18	1061
584	11	1075
585	171	1074
586	123	1072
587	27	1067
588	13	1076
589	4	1086
590	122	3174
591	16	1055
592	45	1074
593	22	1076
594	31	30
595	46	1043
596	2	2144
597	51	47
598	169	1074
599	49	1074
600	102	5098
601	31	1083
602	51	1042
603	68	1074
604	130	1075
605	107	4406
606	432	1075
607	263	2074
608	8	2101
609	121	34
610	123	1079
611	6	1063
612	282	1073
613	126	2143
614	34	3129
615	75	1073
616	20	1071
617	69	1071
618	150	1074
619	1	1087
620	63	1073
621	63	1074
622	60	1073
623	266	1075
624	18	28
625	158	1047
626	202	1073
627	36	1099
628	29	1119
629	14	1063
630	139	1074
631	196	1073
632	114	1927
633	47	1964
634	4	1053
635	7	30
636	291	1497
637	37	2211
638	76	1077
639	6	1097
640	77	1077
641	16	1079
642	13	1075
643	10	1079
644	100	1076
645	14	1075
646	389	2077
647	10	2075
648	174	1074
649	195	1073
650	106	2751
651	181	1077
652	88	30
653	39	1102
654	268	1076
655	18	1072
656	134	1075
657	95	1073
658	19	1072
659	12	1074
660	125	1074
661	60	1075
662	1	1084
663	177	30
664	122	1073
665	98	1074
666	90	1095
667	71	1073
668	29	1073
669	80	1099
670	206	1073
671	158	1075
672	2	1101
673	2	30
674	58	1073
675	16	1072
676	102	1075
677	235	1074
678	265	2129
679	151	1073
680	34	1075
681	133	1105
682	78	2129
683	20	1074
684	132	2140
685	20	1071
686	181	3250
687	23	1072
688	34	1083
689	80	1074
690	62	1078
691	6	1088
692	80	1073
693	525	1072
694	66	2126
695	155	1119
696	50	1073
697	10	1121
698	223	1072
699	47	1122
700	335	1072
701	20	2128
702	44	1078
703	45	1076
704	141	1115
705	4	1172
706	7	1077
707	82	47
708	135	1073
709	146	1072
710	124	5565
711	17	1071
712	86	1074
713	84	1075
714	128	1075
715	17	1073
716	32	30
717	507	1045
718	351	26
719	148	6073
720	99	1075
721	170	1073
722	191	1075
723	38	1133
724	31	1074
725	170	1073
726	119	1073
727	30	1074
728	123	1075
729	222	1075
730	33	1075
731	35	1077
732	10	1074
733	101	1074
734	15	1076
735	109	1078
736	6	1086
737	30	30
738	7	1087
739	55	30
740	273	1074
741	41	2129
742	6	1087
743	222	30
744	45	1075
745	90	1081
746	35	1073
747	24	1097
748	102	2129
749	68	1074
750	428	1046
751	8	2086
752	61	1072
753	147	1074
754	49	1072
755	18	1079
756	90	1087
757	24	1100
758	29	1074
759	103	1074
760	310	1072
761	67	2137
762	10	1074
763	161	1075
764	212	1039
765	130	1075
766	125	1072
767	29	1074
768	35	1044
769	141	1075
770	4	2122
771	64	37
772	54	1074
773	161	1073
774	45	2974
775	15	1073
776	60	1078
777	109	1073
778	91	3091
779	21	1071
780	37	1072
781	118	1072
782	41	2241
783	92	1074
784	57	1070
785	29	1125
786	79	1078
787	24	1073
788	25	1071
789	5	1082
790	71	1072
791	65	1071
792	249	1073
793	223	1074
794	136	1041
795	11	1117
796	61	1073
797	17	1072
798	29	1072
799	291	1083
800	14	1072
801	21	1072
802	85	2102
803	232	1107
804	17	1071
805	15	1054
806	31	978
807	5	1071
808	148	1063
809	30	1061
810	108	1067
811	185	1057
812	314	1053
813	70	2109
814	39	2113
815	83	1055
816	29	1055
817	75	1054
818	683	1054
819	31	3071
820	170	1073
821	19	1071
822	26	1073
823	11	1071
824	146	1072
825	66	1071
826	21	1071
827	54	1071
828	297	1071
829	23	2184
830	33	1073
831	156	1224
832	37	2129
833	239	1072
834	58	1071
835	102	1080
836	202	1072
837	159	1090
838	73	1073
839	53	1073
840	27	1073
841	206	1073
842	26	1073
843	157	1071
844	156	1072
845	245	5044
846	266	1052
847	159	1053
848	138	1073
849	95	1054
850	38	1054
851	10	1054
852	27	1054
853	84	1056
854	6	1071
855	197	33
856	96	1069
857	187	1208
858	20	1057
859	20	1156
860	134	1057
861	74	1053
862	56	1054
863	63	1057
864	57	1078
865	51	1104
866	2	1012
867	16	42
868	277	1079
869	13	2146
870	42	1070
871	137	1070
872	95	1057
873	191	1057
874	71	1056
875	260	1054
876	82	1056
877	239	2941
878	88	1057
879	60	1055
880	65	1045
881	12	1058
882	35	1056
883	144	1055
884	263	1077
885	107	1054
886	40	1056
887	19	1055
888	288	1058
889	60	2109
890	19	1055
891	19	1054
892	65	1054
893	3	1168
894	467	1054
895	234	4573
896	83	1072
897	44	1144
898	124	1062
899	101	1071
900	54	3123
901	275	1072
902	65	1069
903	24	1072
904	56	1071
905	11	1070
906	110	2147
907	108	1151
908	48	1061
909	322	1074
910	244	1112
911	95	1124
912	112	30
913	111	1040
914	48	1070
915	7	1070
916	218	1070
917	22	1069
918	112	1055
919	55	4156
920	38	1055
921	328	1053
922	13	1069
923	5	1070
924	23	1039
925	226	1069
926	98	1070
927	23	1108
928	15	1070
929	84	1071
930	9	1054
931	143	1086
932	17	1070
933	64	1071
934	64	1071
935	129	1070
936	10	2153
937	290	1070
938	35	1094
939	131	1078
940	59	1072
941	102	1093
942	194	3123
943	239	1064
944	30	1070
945	176	1086
946	55	1074
947	47	1070
948	50	1061
949	312	1061
950	14	1106
951	138	1079
952	117	1078
953	291	1078
954	95	1070
955	148	1070
956	46	1067
957	118	1062
958	2	1079
959	286	41
960	186	1086
961	5	1114
962	65	1069
963	23	1082
964	122	1121
965	217	1068
966	188	1071
967	48	1069
968	315	1074
969	160	2131
970	74	1076
971	188	1067
972	64	41
973	13	1063
974	19	1156
975	28	1007
976	134	1039
977	229	1071
978	46	1071
979	256	1072
980	40	29
981	32	1041
982	90	1070
983	48	1071
984	99	1064
985	155	1070
986	2	1070
987	57	28
988	13	1070
989	13	1109
990	194	1049
991	39	1070
992	13	2119
993	51	1176
994	45	1069
995	53	1070
996	158	1072
997	22	1073
998	122	1082
999	63	1121
1000	231	1138
1001	14	1083
1002	85	1068
1003	91	1082
1004	7	1068
1005	23	1148
1006	12	29
1007	40	1041
1008	85	29
1009	102	1040
1010	52	1071
1011	97	1137
1012	22	1072
1013	203	1074
1014	21	1054
1015	103	1056
1016	86	1001
1017	27	1056
1018	41	1057
1019	29	1058
1020	37	1055
1021	65	1056
1022	235	1083
1023	229	1079
1024	144	1077
1025	12	1077
1026	25	1077
1027	107	1077
1028	88	1035
1029	94	1077
1030	45	40
1031	35	1043
1032	254	1063
1033	272	1071
1034	98	1069
1035	60	1069
1036	23	36
1037	434	845
1038	38	28
1039	138	1039
1040	191	1068
1041	1	1077
1042	123	1069
1043	35	1068
1044	104	1069
1045	194	1067
1046	6	1078
1047	42	28
1048	314	1312
1049	18	2105
1050	21	1054
1051	243	1056
1052	128	1055
1053	14	1055
1054	268	1019
1055	90	2106
1056	157	1058
1057	113	1053
1058	30	27
1059	8	1015
1060	23	1055
1061	134	1054
1062	444	1055
1063	111	2076
1064	85	1054
1065	6	1065
1066	25	1071
1067	149	1070
1068	51	1069
1069	224	1071
1070	293	1070
1071	211	2126
1072	62	1071
1073	39	1069
1074	136	1060
1075	101	1071
1076	91	1070
1077	132	1071
1078	20	1071
1079	27	1071
1080	397	1070
1081	393	2063
1082	19	1041
1083	26	1079
1084	88	1069
1085	24	1072
1086	7	1071
1087	86	1071
1088	325	1072
1089	80	2126
1090	125	1071
1091	92	1071
1092	209	24
1093	108	938
1094	8	1054
1095	91	1053
1096	158	1053
1097	39	1054
1098	21	1051
1099	56	1055
1100	119	1054
1101	61	1073
1102	37	1086
1103	4	1062
1104	39	1055
1105	16	1062
1106	46	1050
1107	127	1069
1108	167	1070
1109	182	1069
1110	56	26
1111	128	1044
1112	119	3129
1113	179	1071
1114	15	1070
1115	4	1082
1116	91	1071
1117	71	1070
1118	130	1076
1119	191	1071
1120	39	1070
1121	49	1069
1122	7	1226
1123	347	38
1124	80	36
1125	114	1040
1126	512	1024
1127	62	2070
1128	75	1069
1129	115	1070
1130	78	1068
1131	48	1052
1132	142	1069
1133	36	1072
1134	113	1068
1135	34	1069
1136	155	2069
1137	39	1069
1138	23	1070
1139	142	1070
1140	207	1069
1141	12	1069
1142	58	1069
1143	152	1069
1144	24	1069
1145	76	3748
1146	339	1070
1147	20	2123
1148	3	33
1149	32	33
1150	5	30
1151	222	31
1152	37	30
1153	55	31
1154	66	30
1155	51	38
1156	4	30
1157	24	31
1158	48	30
1159	55	30
1160	116	31
1161	275	30
1162	46	30
1163	17	30
1164	17	31
1165	79	30
1166	138	31
1167	66	35
1168	165	31
1169	19	30
1170	365	31
1171	50	30
1172	150	34
1173	90	31
1174	186	30
1175	12	90
1176	49	30
1177	130	31
1178	53	34
1179	95	31
1180	197	31
1181	151	30
1182	101	30
1183	105	30
1184	137	30
1185	76	30
1186	22	30
1187	130	30
1188	15	30
1189	94	30
1190	227	31
1191	49	30
1192	38	30
1193	25	30
1194	64	30
1195	242	30
1196	37	30
1197	134	30
1198	5	30
1199	99	30
1200	98	30
1201	177	30
1202	116	31
1203	152	31
1204	22	30
1205	7	30
1206	48	30
1207	1	33
1208	4	30
1209	29	30
1210	113	30
1211	127	30
1212	163	36
1213	60	30
1214	98	30
1215	25	30
1216	75	30
1217	24	30
1218	71	30
1219	1	30
1220	11	31
1221	103	31
1222	33	30
1223	75	30
1224	1	30
1225	28	30
1226	100	30
1227	3	1071
1228	6	27
1229	27	1041
1230	84	1053
1231	21	1029
1232	65	1053
1233	6	1072
1234	1	25
1235	19	1052
1236	25	1053
1237	105	1052
1238	33	1053
1239	35	1052
1240	95	1053
1241	99	1053
1242	188	1052
1243	1	1062
1244	156	24
1245	136	24
1246	36	1018
1247	455	1053
1248	19	2071
1249	65	1052
1250	21	1053
1251	33	1079
1252	23	1030
1253	26	7757
1254	11	1080
1255	46	1074
1256	31	1073
1257	93	1074
1258	106	1073
1259	25	1074
1260	179	1074
1261	54	2163
1262	62	1369
1263	2	1152
1264	6	38
1265	87	1070
1266	41	1069
1267	38	1069
1268	38	1081
1269	65	1091
1270	49	1071
1271	7	2344
1272	50	29
1273	1	2122
1274	1	28
1275	31	26
1276	34	1051
1277	4	1068
1278	54	25
1279	6	1079
1280	61	26
1281	28	1070
1282	94	1068
1283	203	1071
1284	76	1070
1285	2	1081
1286	69	26
1287	144	1070
1288	40	1167
1289	75	2126
1290	63	1070
1291	77	2544
1292	106	1111
1293	8	1071
1294	24	1070
1295	18	1086
1296	672	1072
1297	33	1070
1298	75	1070
1299	16	1069
1300	194	1072
1301	207	2154
1302	23	1070
1303	20	1069
1304	165	1069
1305	105	2138
1306	68	1070
1307	9	1069
1308	13	5108
1309	2	1068
1310	11	25
1311	2	2083
1312	5	26
1313	101	25
1314	34	1018
1315	50	1055
1316	60	1054
1317	17	1070
1318	45	1038
1319	123	1053
1320	10	1054
1321	1	1063
1322	38	26
1323	32	1067
1324	67	1054
1325	2	5472
1326	1	33
1327	63	1055
1328	6	1064
1329	27	1054
1330	46	1056
1331	11	1054
1332	50	1053
1333	11	1054
1334	54	1054
1335	76	3273
1336	166	1047
1337	2	1079
1338	19	26
1339	106	1044
1340	82	1070
1341	60	1132
1342	286	1070
1343	16	7574
1344	269	1068
1345	40	1073
1346	3	1080
1347	11	1091
1348	5	1080
1349	4	1080
1350	77	25
1351	46	1071
1352	36	1071
1353	54	1053
1354	2	1065
1355	2	1065
1356	17	25
1357	18	1129
1358	2	1093
1359	38	1066
1360	79	1054
1361	141	1054
1362	4	1064
1363	36	1044
1364	11	1069
1365	63	1070
1366	20	1069
1367	9	1070
1368	38	1070
1369	7	1070
1370	2	1080
1371	105	1072
1372	16	1071
1373	18	1070
1374	34	1071
1375	26	1069
1376	3	1083
1377	18	1070
1378	51	1071
1379	2	1079
1380	28	25
1381	15	1110
1382	2	1080
1383	32	1066
1384	1	1081
1385	13	2138
1386	6	1079
1387	33	1118
1388	131	1069
1389	11	2066
1390	257	1074
1391	58	1071
1392	108	1071
1393	22	24
1394	22	1054
1395	4	1089
1396	3	26
1397	1	1081
1398	22	25
1399	19	1044
1400	1	1081
1401	150	1070
1402	55	1070
1403	83	1070
1404	69	1072
1405	27	1070
1406	1	1097
1407	42	1069
1408	105	1071
1409	67	1070
1410	5	1080
1411	3	1082
1412	21	25
1413	7	1070
1414	2	1082
1415	16	1074
1416	11	1070
1417	36	25
1418	66	1044
1419	139	1069
1420	63	1066
1421	58	1071
1422	24	1070
1423	23	1049
1424	8	1071
1425	19	1070
1426	1	1079
1427	4	1079
1428	17	25
1429	52	1070
1430	7	1069
1431	59	1069
1432	19	3008
1433	73	2265
1434	2	1080
1435	8	1071
1436	1	1081
1437	25	1071
1438	2	1080
1439	35	1068
1440	8	1069
1441	21	1068
1442	8	1106
1443	1	1080
1444	158	25
1445	28	1070
1446	7	1070
1447	85	1071
1448	45	1071
1449	68	1069
1450	6	1082
1451	19	1068
1452	3	1083
1453	2	1079
1454	20	25
1455	3	25
1456	30	25
1457	183	1070
1458	8	1071
1459	3	1079
1460	52	25
1461	80	1070
1462	20	1069
1463	57	1070
1464	63	1070
1465	5	1079
1466	40	25
1467	41	24
1468	44	1044
1469	9	1071
1470	3	1080
1471	3	1109
1472	1	25
1473	38	1070
1474	10	1071
1475	5	2169
1476	9	25
1477	2	1091
1478	2	25
1479	6	1084
1480	8	25
1481	23	1070
1482	28	1088
1483	156	1065
1484	44	1070
1485	17	1070
1486	19	1072
1487	8	1070
1488	54	1071
1489	17	1094
1490	37	1070
1491	10	1069
1492	58	1070
1493	1	1080
1494	33	25
1495	1	1090
1496	3	25
1497	13	1069
1498	33	1072
1499	12	1054
1500	41	1058
1501	34	22921
1502	52	156
1503	1	25
1504	33	22
1505	30	25
1506	26	1042
1507	22	1067
1508	8	1068
1509	20	1068
1510	48	1067
1511	28	1070
1512	4	1078
1513	13	1043
1514	3	1078
1515	5	1085
1516	3	24
1517	23	2122
1518	27	1068
1519	20	1068
1520	22	1067
1521	32	1068
1522	8	1070
1523	4	1087
1524	1	31
1525	20	1066
1526	12	1069
1527	29	1069
1528	8	1163
1529	54	1069
1530	3	1099
1531	49	1069
1532	2	1079
1533	87	25
1534	80	1044
1535	15	29
1536	126	1041
1537	53	1069
1538	103	1072
1539	210	21
1540	44	978
1541	108	1070
1542	9	1069
1543	122	1070
1544	14	1068
1545	19	1044
1546	126	1070
1547	56	1109
1548	23	1076
1549	44	1069
1550	159	1071
1551	202	1069
1552	39	1069
1553	19	1070
1554	74	1081
1555	115	1072
1556	5	1080
1557	3	1098
1558	2	28
1559	3	2906
1560	20	26
1561	12	1070
1562	20	1201
1563	87	1043
1564	11	1070
1565	38	1070
1566	43	1069
1567	54	1069
1568	12	1069
1569	7	1052
1570	84	25
1571	15	25
1572	9	1044
1573	21	1070
1574	19	1251
1575	9	1070
1576	19	1090
1577	73	1069
1578	130	1070
1579	23	24
1580	80	1044
1581	120	2163
1582	6	997
1583	78	1069
1584	3	1087
1585	6	1083
1586	12	25
1587	82	1071
1588	2	1080
1589	28	1044
1590	21	1070
1591	60	1075
1592	33	1066
1593	4	1033
1594	7	25
1595	100	21
1596	63	1001
1597	22	1002
1598	102	1069
1599	223	25
1600	293	1045
1601	88	1111
1602	97	1070
1603	28	1071
1604	2	1080
1605	193	1093
1606	87	1067
1607	136	1044
1608	37	1070
1609	74	1026
1610	28	1070
1611	21	1070
1612	95	1070
1613	28	1070
1614	62	1068
1615	2	1079
1616	11	25
1617	66	1070
1618	10	1070
1619	99	1071
1620	4	1080
1621	9	1070
1622	26	1070
1623	47	1070
1624	7	1069
1625	3	1090
1626	4	25
1627	162	22
1628	80	1021
1629	10	1069
1630	55	1070
1631	18	1078
1632	35	1060
1633	21	1070
1634	2	1079
1635	124	1069
1636	77	1069
1637	8	1110
1638	1	35
1639	71	1088
1640	15	1079
1641	24	1164
1642	24	1074
1643	2	26
1644	4	22
1645	38	1071
1646	29	1068
1647	14	1045
1648	24	1095
1649	1	1080
1650	95	25
1651	3	1079
1652	42	25
1653	21	1070
1654	14	1069
1655	24	1066
1656	5	1080
1657	4	1055
1658	58	25
1659	34	1079
1660	38	1079
1661	5	1057
1662	17	36
1663	29	1024
1664	1	1080
1665	24	1044
1666	29	1069
1667	3	1081
1668	89	25
1669	61	1069
1670	166	1070
1671	14	1045
1672	131	1070
1673	30	1070
1674	30	1081
1675	5	4323
1676	1	35
1677	17	25
1678	10	1043
1679	7	1069
1680	4	1091
1681	153	1069
1682	55	1069
1683	7	24
1684	17	1045
1685	221	1070
1686	32	1069
1687	59	1069
1688	3	1077
1689	8	2125
1690	13	1069
1691	26	1069
1692	25	1069
1693	315	1073
1694	60	2124
1695	106	1069
1696	163	1069
1697	17	1046
1698	81	1070
1699	38	25
1700	17	1042
1701	2	1080
1702	6	25
1703	54	1068
1704	234	1068
1705	78	28
1706	64	1041
1707	2	1080
1708	5	25
1709	42	25
1710	27	1041
1711	8	1070
1712	9	1070
1713	5	1078
1714	7	26
1715	25	79
1716	23	979
1717	48	25
1718	70	1041
1719	22	24
1720	8	1044
1721	31	1069
1722	4	1078
1723	25	1049
1724	2	1079
1725	22	1851
1726	30	1069
1727	4	1088
1728	2	25
1729	6	2120
1730	13	26
1731	2	23
1732	10	22
1733	15	824
1734	81	1068
1735	7	1069
1736	1	1057
1737	81	1070
1738	90	1069
1739	38	1069
1740	9	1069
1741	4	25
1742	4	21
1743	4	1089
1744	1	24
1745	3	1080
1746	110	26
1747	36	1070
1748	29	1070
1749	16	1072
1750	2	1081
1751	38	1071
1752	124	1070
1753	83	1071
1754	4	1089
1755	9	1071
1756	5	1081
1757	7	1070
1758	8	1069
1759	93	25
1760	22	1044
1761	7	1009
1762	2	25
1763	176	1106
1764	69	1053
1765	9	1055
1766	127	1053
1767	4	1074
1768	4	29
1769	5	1072
1770	7	25
1771	7	1082
1772	7	1052
1773	7	1063
1774	78	25
1775	38	25
1776	35	1018
1777	1	1063
1778	12	25
1779	3	1073
1780	2	25
1781	17	1055
1782	18	1054
1783	33	1054
1784	3	1111
1785	3	1072
1786	1	25
1787	35	1054
1788	19	1054
1789	18	1055
1790	8	1053
1791	3	25
1792	4	21
1793	1	1030
1794	48	25
1795	11	25
1796	11	1019
1797	22	1051
1798	25	1055
1799	20	1096
1800	212	1053
1801	20	1067
1802	22	1054
1803	12	1054
1804	5	1073
1805	2	1072
1806	2	25
1807	36	1037
1808	4	1064
1809	31	1033
1810	5	1072
1811	123	1053
1812	11	1104
1813	19	22
1814	3	993
1815	2	1063
1816	135	25
1817	13	956
1818	13	1054
1819	1	1062
1820	7	25
1821	25	1016
1822	41	1053
1823	5	1073
1824	4	25
1825	6	1072
1826	1	25
1827	1	24
1828	1	21
1829	45	1069
1830	43	1069
1831	112	1070
1832	9	1068
1833	17	1070
1834	22	1070
1835	30	1160
1836	38	1067
1837	39	1068
1838	2	1089
1839	9	1070
1840	57	1080
1841	44	1071
1842	138	1070
1843	58	1092
1844	8	6931
1845	4	25
1846	6	22
1847	12	1116
1848	29	1051
1849	103	1055
1850	137	1054
1851	9	1054
1852	94	1054
1853	97	985
1854	152	1052
1855	16	1055
1856	125	1053
1857	72	24
1858	58	1019
1859	129	20
1860	70	1003
1861	39	1069
1862	47	1068
1863	18	1067
1864	22	1067
1865	59	23
1866	61	1047
1867	165	24
1868	51	1045
1869	135	21
1870	79	1994
1871	23	1054
1872	3	1065
1873	56	31
1874	25	2822
1875	20	1038
1876	166	1054
1877	59	1052
1878	37	1054
1879	27	1053
1880	21	1053
1881	5	26
1882	18	1016
1883	38	1053
1884	2	1064
1885	10	1739
1886	7	76
1887	7	28
1888	149	1063
1889	35	1005
1890	14	1075
1891	6	1070
1892	13	28
1893	5	1070
1894	1	28
1895	96	1070
1896	11	1079
1897	10	1076
1898	111	1078
1899	15	37
1900	2	1065
1901	4	2673
1902	9	28
1903	21	30
1904	3	1021
1905	1	1063
1906	21	15
1907	12	1054
1908	1	1056
1909	5	14
1910	75	1045
1911	39	1059
1912	4	1059
1913	6	1061
1914	3	15
1915	9	16
1916	29	1047
1917	7	1044
1918	6	1084
1919	2	1055
1920	11	19
1921	11	1074
1922	2	1073
1923	6	1073
1924	30	19
1925	24	19
1926	30	1068
1927	26	1065
1928	34	1074
1929	12	1073
1930	31	1074
1931	8	1052
1932	19	19
1933	2	1073
1934	59	18
1935	13	1067
1936	54	1073
1937	25	1067
1938	5	1073
1939	17	1074
1940	11	1055
1941	27	21
1942	4	1038
1943	27	16
1944	30	1065
1945	27	1072
1946	15	1074
1947	34	1074
1948	19	1073
1949	23	1068
1950	9	1073
1951	50	1067
1952	34	1074
1953	37	19
1954	79	1068
1955	30	19
1956	37	1068
1957	4	1072
1958	1	19
1959	2	19
1960	17	16
1961	100	1073
1962	59	1074
1963	14	1074
1964	20	1074
1965	26	1068
1966	1	1073
1967	21	19
1968	1	5889
1969	3	2035
1970	1	20
1971	1	1077
1972	14	23
1973	2	16
1974	20	16
1975	26	1124
1976	15	1069
1977	2	1075
1978	2	18
1979	1	1078
1980	125	15
1981	1	1079
1982	40	15
1983	13	1089
1984	34	1069
1985	20	1091
1986	34	1062
1987	39	1061
1988	20	1061
1989	39	19
1990	7	1065
1991	37	1071
1992	134	1070
1993	101	1071
1994	3	1078
1995	212	1071
1996	79	1079
1997	17	1075
1998	16	1071
1999	2	1070
2000	4	19
2001	7	1071
2002	9	19
2003	8	1077
2004	54	21
2005	4	1071
2006	3	19
2007	22	1072
2008	91	1072
2009	15	1071
2010	20	1077
2011	73	1071
2012	2	1071
2013	93	1072
2014	13	1071
2015	21	1077
2016	5	1072
2017	7	1072
2018	129	19
2019	216	19
2020	20	1066
2021	81	1072
2022	1	1071
2023	35	1071
2024	7	1071
2025	32	1067
2026	50	1072
2027	9	1071
2028	35	1070
2029	28	1071
2030	15	1070
2031	38	19
2032	6	1066
2033	19	1071
2034	1	1070
2035	2	1070
2036	22	19
2037	15	1070
2038	1	1071
2039	57	1071
2040	132	1071
2041	33	1070
2042	32	1070
2043	111	19
2044	32	1065
2045	23	19
2046	4	1065
2047	64	19
2048	2	1065
2049	18	15
2050	26	1062
2051	20	1071
2052	124	1070
2053	12	1071
2054	3	1071
2055	3	1070
2056	119	19
2057	11	1071
2058	12	1071
2059	28	1071
2060	40	1071
2061	11	1065
2062	23	1071
2063	47	1070
2064	22	1070
2065	1	1065
2066	1	18
2067	17	1070
2068	2	1071
2069	56	18
2070	8	1065
2071	1	1072
2072	34	19
2073	43	1052
2074	3	1071
2075	2	18
2076	4	16
2077	13	1070
2078	12	1070
2079	2	1065
2080	18	19
2081	10	1126
2082	6	21
2083	10	20
2084	33	1107
2085	30	1091
2086	28	1064
2087	19	1071
2088	5	1080
2089	1	1077
2090	19	15
2091	11	1069
2092	32	1068
2093	19	1068
2094	1	1076
2095	4	1070
2096	1	14
2097	29	1067
2098	4	1076
2099	1	1076
2100	12	14
2101	1	1084
2102	1	14
2103	5	1084
2104	2	14
2105	5	1076
2106	26	14
2107	60	1066
2108	29	1067
2109	32	1075
2110	6	1087
2111	29	24
2112	8	1097
2113	2	1029
2114	3	20
2115	160	1054
2116	1	1094
2117	11	1140
2118	5	1076
2119	37	1068
2120	2	1079
2121	3	1091
2122	1	14
2123	1	1062
2124	11	14
2125	129	1086
2126	45	1116
2127	7	1089
2128	10	21
2129	5	1052
2130	21	15
2131	2	1064
2132	8	15
2133	4	1082
2134	155	15
2135	52	13
2136	35	1046
2137	15	1046
2138	2	1073
2139	3	1055
2140	5	15
2141	29	13
2142	19	1046
2143	75	1055
2144	87	1058
2145	64	1054
2146	15	1064
2147	39	1079
2148	168	1069
2149	12	1070
2150	20	1124
2151	17	1033
2152	44	1054
2153	4	16
2154	14	16
2155	28	1031
2156	111	1830
2157	100	14
2158	2	13
2159	21	16
2160	50	11
2161	81	11
2162	3	11
2163	38	11
2164	11	11
2165	31	11
2166	8	11
2167	11	11
2168	6	11
2169	53	1069
2170	14	1069
2171	58	26
2172	57	1043
2173	22	1043
2174	10	1069
2175	4	14
2176	21	11
2177	6	1083
2178	39	15
2179	25	1073
2180	24	1057
2181	9	1068
2182	5	1072
2183	33	1074
2184	58	1073
2185	2	1073
2186	1	18
2187	11	1082
2188	9	1091
2189	22	16
2190	2	1048
2191	4	1071
2192	19	17
2193	4	26
2194	6	17
2195	9	16
2196	12	1064
2197	16	1072
2198	2	1077
2199	10	1072
2200	45	1072
2201	3	1072
2202	7	19
2203	16	1079
2204	42	1073
2205	51	1074
2206	6	1074
2207	135	1067
2208	10	1077
2209	5	1070
2210	12	19
2211	5	1060
2212	93	19
2213	1	1070
2214	15	19
2215	10	1073
2216	7	1071
2217	7	1071
2218	35	19
2219	8	1075
2220	43	19
2221	2	1071
2222	4	19
2223	22	1071
2224	1	1071
2225	98	1069
2226	12	1074
2227	3	1067
2228	3	23
2229	16	1073
2230	44	1073
2231	57	16
2232	6	1064
2233	208	1073
2234	51	1073
2235	1	1072
2236	8	19
2237	68	1071
2238	92	1071
2239	9	1072
2240	111	1071
2241	123	1074
2242	7	1074
2243	65	1073
2244	9	1073
2245	39	15
2246	7	1048
2247	16	1067
2248	10	1073
2249	24	18
2250	92	1069
2251	3	1074
2252	10	18
2253	188	1067
2254	40	1087
2255	49	1077
2256	4	1092
2257	2	1094
2258	83	21
2259	10	1079
2260	9	1080
2261	7	1070
2262	4	1080
2263	1	1079
2264	23	15
2265	17	1072
2266	46	1070
2267	26	24
2268	9	1047
2269	27	1068
2270	19	1070
2271	43	1070
2272	3	1079
2273	94	1111
2274	43	1071
2275	10	1053
2276	2	1069
2277	12	16
2278	28	1091
2279	11	1032
2280	56	1078
2281	8	1125
2282	5	23
2283	1	1081
2284	1	22
2285	63	1047
2286	95	1054
2287	52	1057
2288	4	1230
2289	30	20
2290	76	1023
2291	3	1153
2292	7	21
2293	166	1022
2294	109	1056
2295	6	2690
2296	93	22
2297	21	1075
2298	3	1062
2299	9	1081
2300	4	1067
2301	21	1055
2302	25	1054
2303	10	1055
2304	69	1053
2305	20	1083
2306	79	1052
2307	113	14
2308	9	1029
2309	30	1029
2310	2	1064
2311	55	1055
2312	27	1053
2313	1	1070
2314	33	15
2315	38	15
2316	2	1041
2317	7	1054
2318	5	1063
2319	2	1074
2320	2	15
2321	1	1017
2322	68	14
2323	64	1054
2324	24	1055
2325	83	1054
2326	12	1054
2327	13	1053
2328	27	1054
2329	19	1054
2330	7	1054
2331	2	1065
2332	10	15
2333	55	1055
2334	11	1055
2335	6	1073
2336	3	15
2337	8	1053
2338	49	1083
2339	14	15
2340	7	1029
2341	6	1063
2342	17	14
2343	8	1032
2344	3	1064
2345	12	1055
2346	6	1066
2347	17	17
2348	68	1032
2349	12	1054
2350	2	1065
2351	4	1073
2352	2	15
2353	58	1055
2354	1	1063
2355	116	1054
2356	9	1054
2357	71	1052
2358	19	1054
2359	53	1063
2360	75	1055
2361	122	1040
2362	44	1052
2363	82	1004
2364	8	1058
2365	7	15
2366	9	1029
2367	72	1444
2368	18	1091
2369	7	1055
2370	54	1055
2371	19	1055
2372	20	1055
2373	12	1053
2374	14	1063
2375	77	1083
2376	48	1094
2377	27	15
2378	8	1037
2379	59	1031
2380	12	1057
2381	19	1075
2382	33	1052
2383	2	1064
2384	8	15
2385	2	14
2386	246	11
2387	6	1063
2388	13	15
2389	11	1055
2390	5	1070
2391	1	1065
2392	99	15
2393	12	1031
2394	2	1065
2395	24	1055
2396	34	1054
2397	23	14
2398	34	1030
2399	1	1073
2400	4	15
2401	7	15
2402	8	1030
2403	2	1065
2404	9	20
2405	1	1075
2406	1	15
2407	1	1039
2408	29	15
2409	30	1102
2410	14	1054
2411	110	1029
2412	1	1064
2413	45	15
2414	25	1063
2415	83	1055
2416	7	1054
2417	1	1066
2418	12	15
2419	6	1086
2420	2	15
2421	59	11
2422	24	1007
2423	24	1054
2424	11	1055
2425	82	1054
2426	16	1055
2427	1	1073
2428	1	14
2429	46	15
2430	22	1027
2431	6	1063
2432	46	16
2433	7	1055
2434	16	1055
2435	15	1053
2436	5	1064
2437	6	14
2438	9	1030
2439	16	1102
2440	45	1053
2441	18	1055
2442	6	1065
2443	5	1064
2444	126	15
2445	13	1054
2446	14	1055
2447	12	1121
2448	27	1054
2449	7	1053
2450	3	1067
2451	52	1056
2452	45	1055
2453	40	1064
2454	16	1053
2455	11	1053
2456	2	1105
2457	1	1064
2458	52	15
2459	22	1054
2460	3	1096
2461	83	1055
2462	35	1091
2463	41	1155
2464	57	1104
2465	48	1055
2466	13	1054
2467	21	1030
2468	27	1053
2469	5	1073
2470	1	15
2471	3	1074
2472	2	19
2473	247	1031
2474	65	1054
2475	89	1063
2476	15	1170
2477	6	1064
2478	29	15
2479	46	1055
2480	22	1054
2481	10	1055
2482	41	1053
2483	2	1078
2484	7	14
2485	103	1066
2486	101	1067
2487	174	14
2488	6	1064
2489	18	1128
2490	14	1052
2491	3	1013
2492	30	15
2493	4	15
2494	40	12
2495	44	1008
2496	10	1052
2497	2	1119
2498	13	15
2499	5	1044
2500	4	15
2501	6	1065
2502	44	15
2503	14	1053
2504	2	1064
2505	1	1064
2506	82	20
2507	93	1055
2508	217	1054
2509	90	1115
2510	53	1053
2511	34	1046
2512	15	2974
2513	8	1055
2514	10	1054
2515	2	1050
2516	3	15
2517	30	1025
2518	10	1104
2519	5	15
2520	121	1029
2521	29	1055
2522	16	1054
2523	7	15
2524	29	1027
2525	8	1054
2526	5	1782
2527	9	1052
2528	11	1054
2529	48	1054
2530	11	1054
2531	74	1054
2532	23	1055
2533	6	1064
2534	7	15
2535	78	1029
2536	12	1068
2537	4	1047
2538	3	14
2539	6	1064
2540	78	19
2541	135	1082
2542	64	1054
2543	12	11
2544	20	1013
2545	35	1055
2546	25	1053
2547	34	14
2548	33	1053
2549	8	1069
2550	113	1081
2551	22	17
2552	7	1052
2553	3	1088
2554	3	15
2555	79	1068
2556	6	1087
2557	22	1055
2558	31	1068
2559	55	14
2560	22	1054
2561	27	1068
2562	121	1068
2563	1	1076
2564	2	15
2565	1	1078
2566	105	14
2567	2	14
2568	13	11
2569	18	1068
2570	30	1068
2571	36	1068
2572	19	1067
2573	26	1068
2574	45	1075
2575	3	1078
2576	6	14
2577	2	2134
2578	5	14
2579	83	1069
2580	36	1069
2581	23	1068
2582	2	1078
2583	7	1068
2584	2	1078
2585	5	1077
2586	138	14
2587	107	1069
2588	26	1069
2589	32	1069
2590	80	1069
2591	20	1069
2592	4	1078
2593	87	1055
2594	4	1078
2595	11	1055
2596	15	1069
2597	85	1069
2598	225	1069
2599	16	1042
2600	23	1068
2601	5	1078
2602	120	14
2603	5	1078
2604	10	14
2605	6	14
2606	2	1064
2607	1	1087
2608	3	19
2609	41	14
2610	50	1054
2611	12	1069
2612	32	1069
2613	123	1069
2614	10	1069
2615	33	1069
2616	112	1069
2617	21	1054
2618	6	1078
2619	14	1710
2620	16	438
2621	24	1069
2622	2	1078
2623	11	1069
2624	3	1078
2625	60	1069
2626	42	1069
2627	25	1069
2628	38	1069
2629	18	1069
2630	4	1079
2631	2	1081
2632	10	14
2633	34	1069
2634	56	1068
2635	14	14
2636	15	1055
2637	14	1069
2638	4	1080
2639	3	1064
2640	72	14
2641	11	1055
2642	2	1079
2643	17	1069
2644	108	1069
2645	11	1043
2646	12	1069
2647	32	1043
2648	39	1069
2649	27	1054
2650	1	1088
2651	5	1079
2652	8	14
2653	6	1079
2654	10	14
2655	18	14
2656	18	1055
2657	1	1087
2658	4	14
2659	1	1050
2660	7	14
2661	2	1087
2662	4	14
2663	5	1079
2664	26	14
2665	22	1070
2666	53	1069
2667	5	1079
2668	119	14
2669	1	1079
2670	8	14
2671	13	1068
2672	13	1069
2673	9	1068
2674	14	1069
2675	13	1069
2676	10	1069
2677	17	1068
2678	2	1078
2679	30	1068
2680	9	1069
2681	55	1055
2682	32	1069
2683	74	1069
2684	49	1070
2685	6	1087
2686	3	14
2687	42	14
2688	12	1041
2689	1	1078
2690	75	14
2691	69	1068
2692	69	1070
2693	2	1062
2694	10	14
2695	40	1043
2696	8	1069
2697	34	1069
2698	2	1078
2699	1	1064
2700	24	14
2701	27	1068
2702	10	1069
2703	13	1070
2704	23	1071
2705	14	1057
2706	74	1069
2707	34	1069
2708	38	1069
2709	12	1069
2710	6	1078
2711	2	1079
2712	6	15
2713	42	14
2714	169	1055
2715	12	1055
2716	113	1070
2717	29	1069
2718	11	1074
2719	39	1069
2720	1	1079
2721	8	18
2722	2	1070
2723	10	1069
2724	32	1069
2725	29	1069
2726	15	1068
2727	33	1070
2728	39	1069
2729	59	1069
2730	1	1078
2731	36	1069
2732	23	1069
2733	5	1079
2734	20	14
2735	14	14
2736	33	1055
2737	14	14
2738	28	1055
2739	7	1069
2740	1	1088
2741	8	1055
2742	8	1070
2743	11	1068
2744	35	1069
2745	27	1070
2746	13	1069
2747	10	1055
2748	16	1069
2749	1	1079
2750	70	17
2751	10	1054
2752	147	1069
2753	70	11
2754	3	1054
2755	6	1079
2756	57	14
2757	15	1069
2758	4	1089
2759	8	1068
2760	64	1069
2761	81	1069
2762	15	1070
2763	47	1077
2764	160	1065
2765	2	1063
2766	15	14
2767	105	1068
2768	11	1067
2769	74	1071
2770	50	1069
2771	3	1079
2772	28	14
2773	23	1068
2774	53	1069
2775	10	14
2776	8	1054
2777	68	1066
2778	8	1070
2779	16	1071
2780	26	1117
2781	17	1068
2782	3	1078
2783	7	1067
2784	1	1078
2785	95	1067
2786	93	1068
2787	5	1077
2788	27	14
2789	2	19
2790	36	12
2791	21	1055
2792	2	1077
2793	35	1069
2794	13	1068
2795	4	1078
2796	79	14
2797	3	1078
2798	27	15
2799	2	1077
2800	43	14
2801	28	1076
2802	5	1106
2803	12	1071
2804	16	1072
2805	8	1331
2806	2	70
2807	2	1075
2808	1	21
2809	1	1076
2810	24	18
2811	1	1073
2812	41	18
2813	3	1075
2814	33	19
2815	11	1073
2816	6	1073
2817	5	1075
2818	9	23
2819	17	1056
2820	76	1039
2821	62	1055
2822	52	1055
2823	24	1069
2824	10	1069
2825	61	1067
2826	13	1069
2827	25	1067
2828	2	1080
2829	14	1068
2830	18	1068
2831	5	1063
2832	45	14
2833	4	1078
2834	5	14
2835	1	1078
2836	11	14
2837	39	1031
2838	18	1070
2839	7	1068
2840	63	1068
2841	17	11
2842	18	1042
2843	97	1068
2844	3	1069
2845	6	1067
2846	5	1067
2847	28	1068
2848	43	1068
2849	35	1067
2850	15	1068
2851	44	1069
2852	14	1073
2853	43	2068
2854	20	1069
2855	19	1067
2856	1	1071
2857	2	2110
2858	6	16
2859	5	1068
2860	73	13
2861	17	1074
2862	15	1076
2863	15	1073
2864	14	1076
2865	1	1066
2866	44	13
2867	4	1068
2868	19	15
2869	10	1064
2870	26	1068
2871	72	1067
2872	154	1067
2873	8	1067
2874	36	1067
2875	2	1069
2876	6	14
2877	8	1065
2878	6	1063
2879	10	1068
2880	11	1066
2881	8	1069
2882	2	1068
2883	3	1068
2884	2	13
2885	3	1068
2886	57	17
2887	24	1068
2888	4	1068
2889	59	1068
2890	22	1067
2891	2	1085
2892	16	15
2893	15	1069
2894	106	1069
2895	10	2121
2896	57	1069
2897	11	14
2898	40	1053
2899	11	1068
2900	29	1066
2901	29	1066
2902	47	1067
2903	1	1067
2904	5	14
2905	9	1061
2906	7	1067
2907	1	1068
2908	1	13
2909	66	1066
2910	8	1066
2911	10	1068
2912	100	1067
2913	88	1067
2914	9	1068
2915	3	14
2916	1	11
2917	1	16
2918	80	11
2919	130	1073
2920	99	1068
2921	58	1068
2922	6	1079
2923	16	1068
2924	21	1069
2925	8	1068
2926	1	1078
2927	55	1068
2928	22	1068
2929	12	1068
2930	4	1065
2931	9	2104
2932	5	1068
2933	20	1068
2934	5	1066
2935	44	1067
2936	5	1068
2937	12	1068
2938	61	1068
2939	52	1067
2940	85	1068
2941	128	1072
2942	69	1068
2943	23	1068
2944	129	1068
2945	11	1067
2946	67	1068
2947	35	1067
2948	30	1068
2949	7	1069
2950	7	1067
2951	8	2156
2952	3	1068
2953	4	1070
2954	135	18
2955	16	2115
2956	38	1067
2957	36	1068
2958	32	1068
2959	42	1068
2960	44	1069
2961	14	1062
2962	19	1088
2963	17	1068
2964	11	1068
2965	12	1068
2966	3	1068
2967	10	1122
2968	26	1042
2969	39	1068
2970	118	1068
2971	97	1053
2972	46	1069
2973	7	1069
2974	45	1068
2975	22	1068
2976	4	1078
2977	19	1068
2978	4	1079
2979	8	1068
2980	127	1069
2981	28	1054
2982	35	1068
2983	151	2118
2984	82	1069
2985	7	1068
2986	1	1067
2987	3	1067
2988	14	16
2989	9	1063
2990	29	1067
2991	13	1069
2992	7	1074
2993	87	15
2994	80	12
2995	68	1066
2996	2	1069
2997	46	1068
2998	152	1068
2999	7	13
3000	2	1057
3001	2	1074
3002	66	19
3003	24	1073
3004	34	1074
3005	2	1073
3006	1	19
3007	23	1086
3008	100	1078
3009	23	19
3010	22	1067
3011	14	1077
3012	51	1076
3013	105	1074
3014	80	1076
3015	104	1075
3016	33	1063
3017	22	1067
3018	5	1068
3019	5	1066
3020	62	14
3021	135	1068
3022	14	1067
3023	5	1078
3024	144	14
3025	48	1068
3026	28	1070
3027	11	1069
3028	104	1068
3029	18	2103
3030	72	1068
3031	8	1069
3032	8	1068
3033	65	1069
3034	13	1068
3035	6	14
3036	50	1064
3037	11	1061
3038	49	1065
3039	25	13
3040	13	1065
3041	1	1066
3042	8	14
3043	10	1068
3044	4	1068
3045	4	1068
3046	9	14
3047	1	1063
3048	5	13
3049	14	1070
3050	14	1059
3051	3	1068
3052	3	14
3053	40	1069
3054	43	1069
3055	143	1069
3056	3	1078
3057	19	14
3058	31	1055
3059	8	1068
3060	73	1068
3061	21	2125
3062	25	1069
3063	163	1069
3064	2	1079
3065	31	1068
3066	6	1068
3067	1	1058
3068	17	13
3069	5	1067
3070	72	14
3071	41	1069
3072	15	1067
3073	15	1068
3074	79	1067
3075	21	1068
3076	102	1066
3077	6	1070
3078	35	15
3079	8	1061
3080	8	1067
3081	12	1068
3082	3	1067
3083	11	1068
3084	10	1065
3085	38	1067
3086	126	1068
3087	55	1068
3088	40	1067
3089	14	1068
3090	9	1067
3091	1	1069
3092	160	13
3093	1	1067
3094	2	13
3095	2	1060
3096	4	16
3097	7	1069
3098	1	1096
3099	76	1069
3100	4	1078
3101	9	1068
3102	4	1078
3103	170	1068
3104	21	1067
3105	1	1087
3106	3	14
3107	66	1068
3108	13	1068
3109	141	1068
3110	43	1068
3111	50	1068
3112	13	1068
3113	1	1077
3114	35	14
3115	36	1068
3116	7	1069
3117	4	1076
3118	85	14
3119	6	1077
3120	38	14
3121	31	1068
3122	27	1068
3123	15	1068
3124	25	1068
3125	6	1068
3126	9	1066
3127	2	1068
3128	25	15
3129	41	1068
3130	12	1068
3131	8	1068
3132	25	1073
3133	11	1055
3134	85	1068
3135	4	1088
3136	3	14
3137	11	1069
3138	19	1068
3139	1	1078
3140	14	14
3141	1	1078
3142	28	14
3143	81	1054
3144	34	1069
3145	128	1069
3146	101	1068
3147	4	14
3148	25	11
3149	93	1066
3150	15	1067
3151	2	1048
3152	24	14
3153	8	1067
3154	27	1076
3155	1	1074
3156	92	20
3157	72	1076
3158	88	1077
3159	3	1068
3160	2	13
3161	22	1063
3162	58	1068
3163	10	1068
3164	1	1068
3165	4	1067
3166	31	13
3167	4	1068
3168	1	13
3169	4	1069
3170	26	16
3171	20	1064
3172	10	1055
3173	4	14
3174	3	11
3175	116	1068
3176	90	1068
3177	165	1070
3178	8	1067
3179	29	1063
3180	26	1068
3181	6	1064
3182	7	1068
3183	19	13
3184	98	1067
3185	36	14
3186	61	1065
3187	21	14
3188	4	1063
3189	3	1069
3190	11	14
3191	64	1052
3192	21	1054
3193	35	1009
3194	5	1064
3195	71	1054
3196	46	1053
3197	9	1049
3198	2	1053
3199	5	1054
3200	82	14
3201	7	1053
3202	5	1054
3203	2	1055
3204	8	13
3205	31	1044
3206	2	1051
3207	108	1050
3208	30	1053
3209	49	1054
3210	81	1053
3211	9	1054
3212	4	1053
3213	4	14
3214	2	13
3215	15	11
3216	3	1060
3217	23	1069
3218	4	1067
3219	5	13
3220	10	1063
3221	2	14
3222	18	11
3223	10	1067
3224	12	1067
3225	8	1067
3226	17	1068
3227	4	13
3228	16	11
3229	7	1067
3230	1	1067
3231	20	14
3232	17	1062
3233	29	16
3234	46	1067
3235	49	1068
3236	3	1078
3237	53	1068
3238	2	1077
3239	11	1042
3240	5	1079
3241	25	1068
3242	24	1065
3243	89	1070
3244	89	1067
3245	111	1068
3246	1	1067
3247	12	1068
3248	3	1068
3249	1	1069
3250	48	14
3251	144	1067
3252	51	1067
3253	44	11
3254	50	1058
3255	39	1069
3256	8	1079
3257	8	14
3258	12	1062
3259	38	1068
3260	59	1068
3261	38	1067
3262	2	1068
3263	9	1067
3264	6	1068
3265	6	1062
3266	35	1067
3267	12	1079
3268	106	1092
3269	61	1070
3270	28	1068
3271	35	1079
3272	8	1062
3273	1	1106
3274	3	20
3275	4	1103
3276	2	20
3277	5	1078
3278	96	14
3279	1	1089
3280	8	20
3281	2	1089
3282	54	20
3283	1	1067
3284	8	14
3285	8	1067
3286	8	1125
3287	32	1060
3288	32	1068
3289	20	1068
3290	17	1067
3291	4	1069
3292	38	14
3293	89	1068
3294	24	1067
3295	78	1067
3296	8	1068
3297	1	1068
3298	5	13
3299	54	1084
3300	1	1064
3301	7	1067
3302	3	1067
3303	85	13
3304	65	1065
3305	30	1068
3306	1	1092
3307	14	1068
3308	31	1068
3309	5	1081
3310	9	15
3311	4	1078
3312	12	14
3313	57	15
3314	11	1044
3315	9	1068
3316	20	1069
3317	62	1053
3318	9	1069
3319	63	1068
3320	11	1068
3321	42	1069
3322	10	1068
3323	1	1136
3324	3	15
3325	14	1037
3326	49	1068
3327	15	1068
3328	9	1068
3329	6	1067
3330	32	1087
3331	23	1068
3332	131	1070
3333	1	1087
3334	3	15601
3335	4	11
3336	1	11
3337	89	11
3338	73	11
3339	43	18
3340	8	11
3341	68	11
3342	9	11
3343	8	11
3344	2	11
3345	34	11
3346	84	11
3347	13	11
3348	15	17
3349	11	11
3350	8	11
3351	1	43
3352	16	14
3353	1	1063
3354	29	14
3355	101	1063
3356	7	1062
3357	6	1117
3358	1	16
3359	93	1071
3360	64	1071
3361	175	17
3362	82	1074
3363	18	1064
3364	16	1072
3365	13	17
3366	13	1067
3367	116	16
3368	1	1069
3369	27	1071
3370	20	1072
3371	13	1059
3372	11	1068
3373	29	1068
3374	32	1069
3375	42	1053
3376	127	1068
3377	34	1068
3378	157	1067
3379	2	1080
3380	5	56
3381	7	1073
3382	6	19
3383	4	1074
3384	126	14
3385	4	18
3386	16	16
3387	1	1066
3388	2	19
3389	92	1072
3390	24	1069
3391	15	1064
3392	122	1071
3393	94	1072
3394	46	1069
3395	4	1070
3396	10	17
3397	21	1066
3398	42	1071
3399	59	1070
3400	65	1070
3401	33	1071
3402	7	1070
3403	6	1071
3404	46	17
3405	106	1070
3406	8	1070
3407	12	1056
3408	2	1070
3409	51	1070
3410	20	1071
3411	30	1070
3412	8	1071
3413	175	24
3414	36	1059
3415	20	1070
3416	76	1071
3417	1	1070
3418	25	17
3419	5	1070
3420	18	17
3421	3	1076
3422	2	20
3423	29	17
3424	15	1067
3425	13	1054
3426	7	1072
3427	7	1070
3428	19	25
3429	7	1071
3430	42	1070
3431	33	17
3432	28	1065
3433	19	1058
3434	7	1070
3435	107	17
3436	65	1066
3437	16	1069
3438	18	1070
3439	111	1071
3440	81	1070
3441	9	16
3442	13	1060
3443	15	1066
3444	11	1070
3445	58	12
3446	10	1067
3447	14	16
3448	13	1063
3449	121	1069
3450	15	1066
3451	53	1056
3452	104	1057
3453	83	1073
3454	13	1067
3455	47	1067
3456	182	1067
3457	10	1071
3458	58	1072
3459	29	1071
3460	3	1060
3461	5	1071
3462	7	13
3463	22	1071
3464	5	1072
3465	1	1071
3466	5	13
3467	18	1071
3468	55	1072
3469	141	13
3470	1	1067
3471	105	1072
3472	3	1071
3473	18	1071
3474	24	1071
3475	34	1029
3476	2	1058
3477	168	1059
3478	72	1058
3479	23	1058
3480	2	1054
3481	1	1059
3482	27	13
3483	6	1045
3484	8	1058
3485	17	1059
3486	2	1058
3487	3	1059
3488	4	13
3489	37	1046
3490	53	1058
3491	29	1058
3492	15	1058
3493	5	1062
3494	1	13
3495	1	1059
3496	94	13
3497	60	42
3498	15	532
3499	83	1063
3500	1	1052
3501	4	1058
3502	30	19
3503	20	1052
3504	6	1054
3505	7	1046
3506	2	1059
3507	2	1075
3508	10	26
3509	2	1032
3510	3	24
3511	1	1060
3512	30	15
3513	113	1063
3514	5	1062
3515	40	19
3516	4	1052
3517	11	1064
3518	19	1062
3519	10	1063
3520	6	1062
3521	11	1065
3522	47	1062
3523	2	14
3524	1	11
3525	31	1063
3526	12	1062
3527	28	13
3528	20	1050
3529	7	1065
3530	31	1062
3531	84	1064
3532	23	1062
3533	5	1063
3534	22	1063
3535	5	1063
3536	8	1062
3537	74	1061
3538	12	1064
3539	37	1063
3540	49	1062
3541	15	1063
3542	1	1068
3543	6	1065
3544	91	1064
3545	25	1063
3546	98	1063
3547	18	1062
3548	4	1069
3549	2	1068
3550	55	12
3551	28	1063
3552	3	1068
3553	3	1068
3554	86	12
3555	15	1064
3556	4	1080
3557	3	12
3558	4	1050
3559	14	1063
3560	3	1070
3561	32	1062
3562	2	1068
3563	6	1048
3564	6	1084
3565	29	1064
3566	4	1062
3567	6	1062
3568	2	1068
3569	21	1062
3570	50	1063
3571	1	1067
3572	29	9
3573	8	1053
3574	24	1062
3575	7	9
3576	47	1053
3577	48	1063
3578	54	1063
3579	6	1062
3580	37	1062
3581	100	1063
3582	13	1062
3583	65	1062
3584	2	1068
3585	22	1053
3586	12	1063
3587	11	1062
3588	20	1063
3589	10	1062
3590	41	1063
3591	9	1062
3592	8	1063
3593	73	1062
3594	4	1062
3595	2	1068
3596	18	9
3597	33	1063
3598	30	1062
3599	64	1063
3600	24	1062
3601	101	1063
3602	23	1063
3603	155	1062
3604	48	1063
3605	66	1061
3606	101	1059
3607	21	1062
3608	7	1062
3609	7	1063
3610	39	1062
3611	59	1062
3612	5	1063
3613	14	1062
3614	4	1063
3615	9	1063
3616	3	1067
3617	95	1063
3618	23	1063
3619	69	1062
3620	3	1068
3621	6	1063
3622	2	1067
3623	40	1062
3624	14	1063
3625	2	1068
3626	36	9
3627	10	1095
3628	15	1030
3629	11	1062
3630	6	1063
3631	14	1062
3632	13	1063
3633	15	7
3634	22	1046
3635	86	1062
3636	96	1063
3637	28	1063
3638	153	1063
3639	69	9
3640	47	1052
3641	30	1063
3642	2	1068
3643	56	1062
3644	15	1063
3645	3	1031
3646	36	15
3647	22	1064
3648	17	1062
3649	1	1068
3650	5	9
3651	5	1063
3652	22	1063
3653	105	1062
3654	110	1062
3655	204	1063
3656	59	1062
3657	236	1063
3658	71	1062
3659	69	1062
3660	34	1062
3661	16	1063
3662	18	1062
3663	14	1062
3664	18	1063
3665	2	1073
3666	3	12
3667	85	1064
3668	4	1062
3669	15	1062
3670	77	1063
3671	10	1062
3672	26	1063
3673	42	1063
3674	54	1062
3675	31	1062
3676	151	1063
3677	128	1063
3678	31	1062
3679	22	1063
3680	2	1068
3681	14	1062
3682	3	1068
3683	133	1063
3684	17	1062
3685	28	1063
3686	34	1062
3687	6	1063
3688	5	1062
3689	20	1063
3690	4	1062
3691	37	1063
3692	82	1062
3693	3	1068
3694	3	9
3695	11	9
3696	6	1053
3697	36	1062
3698	27	1062
3699	11	1063
3700	4	1063
3701	157	1062
3702	22	1063
3703	30	1062
3704	10	1062
3705	16	1062
3706	2	1069
3707	37	1063
3708	4	1062
3709	59	1062
3710	47	1063
3711	7	1053
3712	31	1062
3713	16	1052
3714	10	1063
3715	18	1063
3716	45	1062
3717	8	1063
3718	11	1062
3719	13	1052
3720	1	1068
3721	3	1073
3722	2	9
3723	1	1068
3724	19	9
3725	31	1063
3726	21	1062
3727	55	1062
3728	84	1063
3729	243	1063
3730	214	1062
3731	4	1062
3732	6	1063
3733	44	1062
3734	9	1063
3735	15	1063
3736	4	1062
3737	2	9
3738	79	7
3739	7	1062
3740	29	1062
3741	22	1063
3742	8	1062
3743	52	1063
3744	1	1068
3745	39	1062
3746	71	1063
3747	134	1062
3748	39	1063
3749	9	1062
3750	17	1063
3751	23	1062
3752	7	1063
3753	3	1068
3754	238	9
3755	67	1063
3756	21	1062
3757	198	1063
3758	60	1063
3759	7	1062
3760	3	1068
3761	2	1067
3762	3	9
3763	3	1068
3764	71	9
3765	20	1062
3766	25	1063
3767	30	1052
3768	20	1060
3769	61	1063
3770	5	1062
3771	4	1045
3772	4	1062
3773	30	1062
3774	38	1063
3775	12	1063
3776	89	1062
3777	7	1063
3778	2	1068
3779	14	9
3780	18	1054
3781	6	1062
3782	2	1073
3783	6	1062
3784	1	1068
3785	5	1063
3786	12	1062
3787	23	1053
3788	3	1068
3789	1	1067
3790	422	9
3791	28	1053
3792	53	1062
3793	63	1050
3794	139	1062
3795	44	1062
3796	11	1063
3797	12	1063
3798	1	1068
3799	14	1062
3800	15	1062
3801	8	1063
3802	10	1062
3803	8	9
3804	40	1052
3805	17	1062
3806	6	1062
3807	27	1063
3808	15	1062
3809	6	1063
3810	5	1062
3811	2	1067
3812	3	9
3813	26	1063
3814	12	1063
3815	40	1062
3816	9	1062
3817	3	1073
3818	1	9
3819	79	1063
3820	18	1062
3821	86	1062
3822	20	1065
3823	12	9
3824	190	1052
3825	24	1062
3826	94	1063
3827	75	1062
3828	4	1063
3829	13	1063
3830	7	1063
3831	44	1062
3832	91	1063
3833	19	1062
3834	8	1063
3835	51	1045
3836	12	1063
3837	15	1063
3838	16	1062
3839	27	1063
3840	7	1063
3841	7	9
3842	10	1052
3843	94	1063
3844	1	1073
3845	6	1063
3846	4	1063
3847	4	1062
3848	6	1063
3849	75	1063
3850	38	1062
3851	38	1062
3852	14	1046
3853	6	1062
3854	3	1068
3855	5	1053
3856	13	1063
3857	9	1062
3858	24	1063
3859	4	1062
3860	8	1063
3861	25	1062
3862	3	1068
3863	12	1063
3864	110	1063
3865	16	1062
3866	4	1062
3867	17	1063
3868	1	1067
3869	22	1062
3870	36	1063
3871	4	1046
3872	13	1063
3873	8	1062
3874	22	1062
3875	10	1063
3876	4	1063
3877	1	1068
3878	16	9
3879	30	1062
3880	33	1063
3881	40	10
3882	33	1052
3883	4	9
3884	4	1053
3885	8	1062
3886	2	1068
3887	59	1062
3888	58	1062
3889	46	1063
3890	72	1062
3891	75	9
3892	8	1052
3893	14	1062
3894	9	1062
3895	10	13
3896	184	1049
3897	3	1068
3898	9	9
3899	31	9
3900	60	1052
3901	9	1053
3902	72	1062
3903	16	1061
3904	3	1069
3905	3	1067
3906	34	14
3907	50	1062
3908	2	1067
3909	3	1072
3910	2	9
3911	3	1067
3912	3	9
3913	9	1063
3914	2	1068
3915	74	1063
3916	16	1062
3917	18	1061
3918	23	1063
3919	24	9
3920	7	1052
3921	2	1072
3922	2	9
3923	290	1062
3924	74	2117
3925	16	9
3926	2	1057
3927	7	1062
3928	20	1062
3929	196	9
3930	4	1053
3931	58	1062
3932	31	1062
3933	31	1053
3934	9	1062
3935	18	1063
3936	1	1067
3937	1	1067
3938	17	9
3939	45	1062
3940	27	1063
3941	13	1062
3942	8	1062
3943	16	9
3944	49	1053
3945	292	1062
3946	154	2117
3947	60	1062
3948	39	1063
3949	34	1063
3950	113	1062
3951	46	1062
3952	34	1062
3953	4	1062
3954	6	1029
3955	2	1067
3956	15	9
3957	95	1051
3958	13	1062
3959	56	1062
3960	9	1062
3961	44	1062
3962	25	1062
3963	31	1052
3964	4	1063
3965	14	1062
3966	84	1063
3967	22	1062
3968	8	1061
3969	27	1061
3970	2	1068
3971	37	1063
3972	65	1062
3973	73	1045
3974	25	1063
3975	14	1062
3976	32	1062
3977	36	1062
3978	62	1063
3979	12	9
3980	47	1053
3981	33	1063
3982	40	1062
3983	66	1060
3984	10	1063
3985	16	1061
3986	2	1067
3987	2	1072
3988	1	9
3989	10	1063
3990	28	1062
3991	105	1062
3992	33	1062
3993	16	1062
3994	12	1062
3995	11	1062
3996	5	1062
3997	22	1062
3998	53	1062
3999	23	1062
4000	2	1066
4001	1	9
4002	128	7
4003	50	1062
4004	33	1062
4005	8	1062
4006	40	1062
4007	119	1063
4008	3	1067
4009	2	1068
4010	3	9
4011	3	1067
4012	3	9
4013	111	1063
4014	113	1062
4015	3	1068
4016	57	9
4017	28	1062
4018	7	1062
4019	1	1068
4020	15	9
4021	15	1061
4022	19	1061
4023	23	9
4024	43	1052
4025	14	1062
4026	1	1067
4027	6	1062
4028	6	1061
4029	12	1063
4030	55	1062
4031	159	1061
4032	182	1062
4033	34	1053
4034	149	1062
4035	115	1061
4036	14	1062
4037	118	1062
4038	33	1062
4039	144	1061
4040	13	1062
4041	13	1063
4042	60	1062
4043	47	12
4044	34	1050
4045	35	1062
4046	67	1062
4047	104	1063
4048	21	1063
4049	86	1050
4050	156	1062
4051	18	978
4052	16	1073
4053	10	1061
4054	49	1062
4055	233	1062
4056	480	1061
4057	273	1062
4058	18	2115
4059	83	1061
4060	22	1062
4061	171	1052
4062	8	1061
4063	100	1031
4064	6	1061
4065	63	1052
4066	7	1062
4067	93	1061
4068	71	1061
4069	141	1061
4070	388	1062
4071	27	1061
4072	154	1061
4073	111	1061
4074	94	1061
4075	60	9
4076	92	1052
4077	10	1061
4078	29	1062
4079	72	9
4080	1	1056
4081	154	1062
4082	8	1061
4083	8	1061
4084	140	1061
4085	8	1061
4086	212	1061
4087	43	1062
4088	167	1062
4089	17	1061
4090	68	1062
4091	36	1061
4092	1	1071
4093	102	1062
4094	70	1061
4095	72	1062
4096	56	1061
4097	7	1061
4098	138	1062
4099	5	1062
4100	7	1061
4101	129	1061
4102	49	1062
4103	8	1061
4104	133	1062
4105	6	2115
4106	234	1061
4107	70	1061
4108	39	1061
4109	45	1061
4110	3	1067
4111	67	1062
4112	17	1062
4113	78	2115
4114	4	1061
4115	93	1061
4116	18	1061
4117	363	1062
4118	78	2115
4119	39	1061
4120	89	1062
4121	92	1061
4122	74	1061
4123	54	1062
4124	479	1062
4125	4	1061
4126	103	1061
4127	60	1061
4128	107	1062
4129	205	1062
4130	59	1061
4131	144	1062
4132	10	1062
4133	176	1062
4134	51	1061
4135	6	1052
4136	160	1061
4137	173	1062
4138	1	1066
4139	32	1061
4140	29	1062
4141	110	1061
4142	96	1061
4143	51	1062
4144	17	1061
4145	43	1061
4146	210	1062
4147	110	9
4148	27	1051
4149	7	12
4150	184	1048
4151	41	1062
4152	45	1062
4153	317	1061
4154	42	2115
4155	180	1061
4156	40	1061
4157	271	1061
4158	21	2116
4159	110	1062
4160	33	1061
4161	164	1061
4162	103	1061
4163	8	1061
4164	58	1061
4165	79	1062
4166	3	1071
4167	104	1061
4168	41	1061
4169	27	1061
4170	2	1066
4171	26	2115
4172	1	1066
4173	17	1061
4174	6	1061
4175	7	2061
4176	4	1062
4177	7	1061
4178	5	1063
4179	63	1061
4180	25	1061
4181	39	1061
4182	1	1067
4183	22	1061
4184	3	1066
4185	6	1062
4186	36	1061
4187	6	1052
4188	2	1071
4189	1	1066
4190	35	9
4191	21	1062
4192	33	1061
4193	9	1062
4194	16	1061
4195	34	1062
4196	2	1066
4197	8	1052
4198	7	1061
4199	2	1066
4200	5	9
4201	2	1066
4202	26	9
4203	38	1061
4204	1	1066
4205	5	1062
4206	22	1062
4207	9	1063
4208	17	1062
4209	12	1062
4210	44	1061
4211	10	1061
4212	1	1067
4213	3	12
4214	24	1049
4215	51	1061
4216	30	1062
4217	3	1071
4218	2	9
4219	9	1049
4220	79	1062
4221	37	1061
4222	12	1061
4223	134	1062
4224	4	1061
4225	4	1052
4226	1	1066
4227	13	9
4228	69	1052
4229	67	1051
4230	62	1062
4231	21	1031
4232	9	1061
4233	17	1061
4234	1	1067
4235	9	1045
4236	36	1060
4237	38	1062
4238	35	1061
4239	1	1066
4240	19	9
4241	4	1044
4242	69	1062
4243	115	1062
4244	9	1061
4245	12	1063
4246	6	1061
4247	8	1061
4248	1	1067
4249	13	1061
4250	4	1061
4251	48	1061
4252	122	1061
4253	54	1049
4254	1	1070
4255	39	1061
4256	33	1061
4257	2	1036
4258	258	9
4259	46	9
4260	37	1051
4261	6	1061
4262	13	1062
4263	4	1061
4264	9	1062
4265	8	1061
4266	14	1061
4267	22	1061
4268	36	1061
4269	7	1061
4270	13	1061
4271	6	1062
4272	11	1061
4273	1	1066
4274	73	9
4275	123	1061
4276	1	1067
4277	2	1071
4278	2	9
4279	101	1061
4280	90	1061
4281	39	1061
4282	4	1061
4283	12	1059
4284	99	1061
4285	24	1061
4286	26	1061
4287	1	12
4288	13	7
4289	108	1062
4290	2	1071
4291	31	1062
4292	18	1061
4293	7	1061
4294	20	1061
4295	4	1062
4296	9	1061
4297	15	1061
4298	2	1068
4299	1	2067
4300	15	9
4301	45	1061
4302	13	1073
4303	31	1061
4304	1	1067
4305	12	1061
4306	6	1061
4307	4	1061
4308	5	1061
4309	1	1066
4310	6	9
4311	29	1061
4312	17	1061
4313	59	1062
4314	5	1061
4315	32	1061
4316	1	1071
4317	1	1067
4318	6	9
4319	12	1061
4320	6	1061
4321	4	1061
4322	52	1062
4323	2	1066
4324	21	9
4325	10	1061
4326	3	1067
4327	27	1060
4328	2	1066
4329	6	1062
4330	5	1061
4331	5	1061
4332	15	1061
4333	24	1061
4334	11	1061
4335	18	1061
4336	43	1065
4337	16	1061
4338	5	1061
4339	9	1061
4340	28	1061
4341	4	1061
4342	32	1061
4343	1	1066
4344	8	9
4345	22	1062
4346	10	1062
4347	6	1061
4348	20	1062
4349	11	1065
4350	9	1069
4351	10	1062
4352	11	1061
4353	11	1052
4354	8	1062
4355	11	1062
4356	5	1061
4357	40	1061
4358	5	1062
4359	16	1052
4360	39	1061
4361	80	1061
4362	26	1061
4363	94	1063
4364	2	1065
4365	1	1067
4366	16	9
4367	5	1062
4368	60	1062
4369	13	1061
4370	4	1062
4371	13	9
4372	31	1051
4373	16	1061
4374	2	1066
4375	45	5062
4376	2	1055
4377	7	9
4378	35	1039
4379	12	1053
4380	276	1055
4381	11	1053
4382	4	1053
4383	1	1060
4384	197	10
4385	29	1054
4386	23	1054
4387	6	1054
4388	14	1055
4389	7	1065
4390	8	1047
4391	2	1059
4392	7	10
4393	15	1053
4394	19	1053
4395	10	1054
4396	7	1046
4397	21	9
4398	14	1039
4399	3	1043
4400	35	9
4401	6	10
4402	1	1044
4403	3	1059
4404	38	14
4405	6	12
4406	13	1035
4407	22	1041
4408	20	1050
4409	2	1033
4410	37	10
4411	17	1061
4412	14	1031
4413	6	1050
4414	2	1050
4415	6	1057
4416	26	1040
4417	70	1044
4418	11	1040
4419	17	1041
4420	62	1048
4421	13	1031
4422	57	1050
4423	77	1057
4424	25	1060
4425	10	1048
4426	14	1053
4427	4	1053
4428	9	1053
4429	10	1066
4430	17	1059
4431	10	1062
4432	1	1061
4433	3	1060
4434	1	9
4435	2	1057
4436	41	9
4437	4	1064
4438	8	1066
4439	15	1077
4440	36	1045
4441	1	936
4442	8	12
4443	37	10
4444	10	1061
4445	8	1064
4446	5	1062
4447	2	1060
4448	23	13
4449	3	1065
4450	3	9
4451	7	1066
4452	48	1066
4453	5	7
4454	9	1039
4455	11	12
4456	10	1052
4457	4	1078
4458	1	14
4459	4	1070
4460	10	13
4461	16	1067
4462	9	1072
4463	4	1071
4464	3	17
4465	17	1073
4466	3	1070
4467	4	1073
4468	35	12
4469	126	2382
4470	5	1155
4471	7	4026
4472	1	1025
4473	21	1026
4474	69	1050
4475	20	1053
4476	92	1055
4477	47	1052
4478	9	1054
4479	55	1054
4480	48	1055
4481	18	1031
4482	9	1055
4483	12	1052
4484	13	1055
4485	39	1056
4486	1	1058
4487	2	1063
4488	1	9
4489	16	1056
4490	4	1058
4491	4	1053
4492	3	1061
4493	8	1054
4494	13	1053
4495	14	1052
4496	20	1054
4497	35	1056
4498	39	1053
4499	55	1052
4500	4	1054
4501	56	1054
4502	32	1053
4503	15	1054
4504	5	1055
4505	99	1054
4506	1	1061
4507	1	1059
4508	7	10
4509	28	1021
4510	56	1051
4511	71	1060
4512	3	1065
4513	3	1065
4514	15	10
4515	40	1061
4516	8	1061
4517	5	1061
4518	5	3168
4519	1	1056
4520	21	10
4521	5	1054
4522	4	1054
4523	5	1054
4524	13	1054
4525	5	1053
4526	69	1054
4527	33	1053
4528	5	1054
4529	5	1038
4530	4	1053
4531	51	1054
4532	59	1053
4533	23	1055
4534	63	1055
4535	2	1060
4536	16	9
4537	26	1053
4538	12	1055
4539	20	1054
4540	5	1054
4541	3	1060
4542	17	9
4543	2	1058
4544	8	9
4545	33	1054
4546	10	1054
4547	2	1058
4548	113	9
4549	9	1386
4550	13	1051
4551	3	1059
4552	66	9
4553	7	1054
4554	2	1059
4555	6	1054
4556	13	1054
4557	57	1054
4558	2	1059
4559	6	1054
4560	4	1054
4561	7	9
4562	6	1039
4563	3	1063
4564	1	9
4565	1	9
4566	2	7
4567	42	1039
4568	69	1054
4569	15	1039
4570	20	1055
4571	4	1053
4572	24	1053
4573	4	1053
4574	1	1068
4575	13	1053
4576	64	1054
4577	11	1054
4578	40	1054
4579	11	1053
4580	62	1055
4581	1	9
4582	6	7
4583	10	1037
4584	7	1053
4585	11	1054
4586	4	1056
4587	11	1051
4588	8	1062
4589	23	9
4590	5	1051
4591	117	1052
4592	52	1061
4593	11	1061
4594	70	1062
4595	3	9
4596	10	1052
4597	27	1062
4598	16	1369
4599	69	1054
4600	103	1056
4601	3	7
4602	26	1027
4603	4	1054
4604	34	1053
4605	8	1053
4606	10	1054
4607	39	1054
4608	2	1060
4609	10	1053
4610	6	1053
4611	1	1059
4612	8	12
4613	7	1054
4614	16	1054
4615	13	1053
4616	11	1056
4617	1	12
4618	2	7
4619	3	1080
4620	2	9
4621	17	1061
4622	16	1062
4623	27	1047
4624	3	1066
4625	14	1062
4626	47	1062
4627	33	1061
4628	49	1061
4629	5	9
4630	42	1051
4631	13	1061
4632	7	1061
4633	7	10
4634	7	1050
4635	4	1061
4636	4	1062
4637	28	1061
4638	8	1062
4639	15	1061
4640	20	1061
4641	5	1061
4642	8	1062
4643	27	1061
4644	9	1060
4645	4	9
4646	12	1051
4647	30	1062
4648	4	1061
4649	12	1061
4650	8	1061
4651	26	1049
4652	6	1061
4653	2	1066
4654	8	9
4655	12	1061
4656	31	1060
4657	3	1067
4658	7	9
4659	8	9
4660	18	1053
4661	6	1062
4662	6	1062
4663	20	9
4664	11	1052
4665	6	1062
4666	4	1063
4667	10	1062
4668	11	1062
4669	22	1062
4670	6	1062
4671	19	1062
4672	6	1063
4673	7	1061
4674	1	1072
4675	23	1062
4676	31	1062
4677	5	10
4678	22	1052
4679	5	1062
4680	71	1063
4681	11	1061
4682	9	1062
4683	5	1063
4684	21	1063
4685	6	1062
4686	4	1063
4687	1	9
4688	19	7
4689	3	1067
4690	10	9
4691	14	1062
4692	2	1067
4693	1	1074
4694	5	9
4695	11	1063
4696	1	1067
4697	1	1067
4698	22	9
4699	11	1062
4700	2	1067
4701	22	9
4702	7	1053
4703	3	1072
4704	1	13
4705	5	1063
4706	15	1062
4707	2	1069
4708	1	9
4709	3	1057
4710	8	9
4711	15	1063
4712	2	1067
4713	9	1062
4714	31	1063
4715	25	1062
4716	3	1067
4717	1	1068
4718	7	9
4719	6	1061
4720	4	1062
4721	14	1062
4722	3	1072
4723	11	1062
4724	7	1061
4725	4	1062
4726	11	1061
4727	18	1062
4728	24	1062
4729	26	1062
4730	33	1063
4731	16	1052
4732	20	1062
4733	6	9
4734	5	1052
4735	10	1062
4736	10	1062
4737	95	10
4738	26	1053
4739	3	1066
4740	3	9
4741	16	1062
4742	31	1062
4743	84	1063
4744	65	1062
4745	63	1064
4746	42	1061
4747	41	1062
4748	4	1062
4749	2	9
4750	35	7
4751	17	1062
4752	12	1062
4753	33	1052
4754	36	1062
4755	35	1062
4756	8	1061
4757	6	1053
4758	9	1063
4759	30	1062
4760	19	1061
4761	5	1062
4762	14	1061
4763	15	1062
4764	38	1062
4765	8	1145
4766	110	11
4767	33	9
4768	4	1053
4769	30	9
4770	14	1053
4771	24	1064
4772	6	1062
4773	1	1058
4774	41	9
4775	1	1069
4776	41	9
4777	2	1065
4778	1	9
4779	53	1064
4780	18	1062
4781	23	1063
4782	23	1063
4783	1	12
4784	47	7
4785	21	1064
4786	105	1063
4787	25	1064
4788	5	1063
4789	15	9
4790	13	1053
4791	1	1073
4792	1	12
4793	4	1063
4794	1	1068
4795	9	1063
4796	43	1063
4797	38	1066
4798	1	1068
4799	5	9
4800	33	1052
4801	30	1060
4802	22	1064
4803	16	1063
4804	18	1063
4805	19	1064
4806	3	1067
4807	4	1063
4808	8	1063
4809	6	1063
4810	16	1063
4811	1	1059
4812	5	9
4813	45	1081
4814	39	1061
4815	3	1073
4816	2	9
4817	2	1072
4818	1	9
4819	2	1067
4820	3	9
4821	26	1062
4822	1	1067
4823	6	1062
4824	1	1083
4825	2	7
4826	4	10
4827	26	9
4828	14	1052
4829	24	1062
4830	30	1062
4831	3	1068
4832	10	9
4833	5	1063
4834	8	1061
4835	61	1062
4836	16	1061
4837	5	1062
4838	5	1062
4839	4	1062
4840	24	1062
4841	7	1062
4842	11	1061
4843	1	1057
4844	7	9
4845	23	1052
4846	3	1067
4847	2	1068
4848	72	10
4849	1	1068
4850	105	10
4851	7	1062
4852	7	1062
4853	13	1052
4854	66	1062
4855	18	1052
4856	6	1062
4857	8	1053
4858	5	1062
4859	8	1052
4860	9	1062
4861	2	1058
4862	22	9
4863	125	1063
4864	48	1061
4865	6	1063
4866	4	1061
4867	39	9
4868	12	1052
4869	13	1062
4870	17	1062
4871	8	1063
4872	7	1062
4873	35	1062
4874	2	1067
4875	36	1062
4876	9	1062
4877	13	1062
4878	5	1062
4879	8	1063
4880	8	1062
4881	2	1068
4882	7	9
4883	9	1052
4884	98	1062
4885	47	1062
4886	24	1062
4887	17	1063
4888	7	1062
4889	18	9
4890	6	1053
4891	58	1062
4892	9	1061
4893	7	1062
4894	107	1066
4895	21	1064
4896	15	1033
4897	37	1053
4898	6	1061
4899	35	1062
4900	45	1062
4901	14	1052
4902	48	1062
4903	126	1062
4904	46	1061
4905	1	1068
4906	12	9
4907	5	9
4908	2	1058
4909	34	1062
4910	19	1062
4911	69	1062
4912	5	1062
4913	22	9
4914	8	1052
4915	24	1053
4916	7	1062
4917	11	1062
4918	8	1062
4919	3	1058
4920	5	12
4921	43	1062
4922	24	1062
4923	11	9
4924	189	1053
4925	10	1062
4926	3	1068
4927	34	1062
4928	5	1062
4929	29	7
4930	13	1045
4931	52	9
4932	10	1051
4933	22	1052
4934	5	1062
4935	75	1062
4936	6	1062
4937	15	1062
4938	4	1062
4939	1	1068
4940	3	9
4941	20	1052
4942	1	1067
4943	4	1062
4944	68	1062
4945	23	1062
4946	1	1068
4947	20	1062
4948	4	1062
4949	49	9
4950	4	1052
4951	25	1062
4952	12	1062
4953	59	1063
4954	2	1067
4955	3	1068
4956	100	9
4957	4	1063
4958	1	1068
4959	6	1063
4960	19	1061
4961	55	1063
4962	2	1067
4963	16	1063
4964	69	1062
4965	63	1062
4966	27	1061
4967	14	1062
4968	56	1062
4969	20	1062
4970	14	1062
4971	23	1053
4972	11	1061
4973	1	1073
4974	2	9
4975	2	1068
4976	12	9
4977	5	1062
4978	6	1062
4979	22	1062
4980	1	1067
4981	7	1064
4982	1	1067
4983	84	1069
4984	4	1061
4985	16	1062
4986	36	1062
4987	31	1062
4988	37	1062
4989	6	1063
4990	7	1066
4991	6	1053
4992	4	1063
4993	3	1062
4994	6	9
4995	18	9
4996	3	1059
4997	11	1062
4998	9	1061
4999	20	1062
5000	11	1061
5001	7	1062
5002	45	1062
5003	1	9
5004	2	7
5005	3	12
5006	2	1055
5007	7	1056
5008	21	1062
5009	11	1062
5010	13	1061
5011	10	1062
5012	7	1061
5013	5	2061
5014	5	1062
5015	1	1062
5016	21	9
5017	3	1062
5018	1	9
5019	14	1064
5020	83	1062
5021	1	1070
5022	14	10
5023	14	1063
5024	14	1061
5025	2	1058
5026	17	9
5027	15	1063
5028	21	1061
5029	6	2102
5030	2	1069
5031	1	1069
5032	34	9
5033	15	1062
5034	7	1062
5035	3	1067
5036	14	9
5037	26	1062
5038	6	1062
5039	4	1062
5040	9	1062
5041	6	1062
5042	13	1062
5043	22	1063
5044	18	1061
5045	1	1068
5046	25	9
5047	24	1062
5048	3	1068
5049	12	1062
5050	14	1062
5051	70	1062
5052	8	1062
5053	9	1069
5054	20	1056
5055	28	9
5056	2	1057
5057	21	1064
5058	3	1067
5059	78	1063
5060	37	1061
5061	22	1063
5062	15	1062
5063	11	1063
5064	20	1062
5065	71	1063
5066	21	1062
5067	2	1068
5068	7	9
5069	4	2062
5070	9	1061
5071	22	1063
5072	25	1062
5073	3	1068
5074	6	9
5075	13	1062
5076	2	1063
5077	4	1063
5078	7	1062
5079	1	1068
5080	4	9
5081	84	1063
5082	93	1061
5083	262	1063
5084	4	1061
5085	19	1062
5086	21	1062
5087	1	1068
5088	67	9
5089	3	1074
5090	2	9
5091	4	1062
5092	7	1039
5093	9	1063
5094	1	1068
5095	18	1062
5096	11	1062
5097	19	1062
5098	2	1068
5099	82	9
5100	50	1052
5101	58	1063
5102	27	1062
5103	37	1063
5104	23	1061
5105	23	1062
5106	6	1062
5107	15	1053
5108	14	1061
5109	11	1063
5110	11	1062
5111	17	1062
5112	2	1067
5113	32	1063
5114	13	1061
5115	15	1063
5116	32	1062
5117	8	1063
5118	5	1062
5119	132	1063
5120	17	1061
5121	6	1062
5122	9	1062
5123	15	1062
5124	36	1061
5125	42	22
5126	27	1035
5127	20	1063
5128	7	1062
5129	3	1074
5130	2	10
5131	1	9
5132	7	7
5133	1	1068
5134	20	9
5135	18	1062
5136	230	1062
5137	2	1068
5138	15	9
5139	80	1063
5140	23	1062
5141	8	1063
5142	4	1062
5143	9	1063
5144	5	1062
5145	12	1062
5146	2	1068
5147	6	1062
5148	39	1030
5149	27	1062
5150	11	1062
5151	3	1068
5152	3	9
5153	3	1067
5154	3	9
5155	10	9
5156	26	1052
5157	16	1053
5158	8	1062
5159	36	1063
5160	33	1061
5161	48	1062
5162	1	1067
5163	20	1062
5164	2	1067
5165	23	1062
5166	5	1062
5167	3	1068
5168	10	9
5169	1	1068
5170	15	9
5171	9	1062
5172	1	1067
5173	19	1064
5174	5	1062
5175	27	9
5176	1	1057
5177	16	1062
5178	12	1062
5179	7	1062
5180	4	1062
5181	39	1062
5182	1	1068
5183	29	1063
5184	20	1062
5185	1	1068
5186	6	9
5187	1	1068
5188	6	9
5189	1	1067
5190	6	9
5191	43	1062
5192	25	1062
5193	2	1068
5194	13	9
5195	23	1038
5196	5	1061
5197	52	1063
5198	9	1061
5199	12	1062
5200	17	1062
5201	10	1063
5202	1	1069
5203	7	1063
5204	1	1068
5205	97	1063
5206	16	1062
5207	12	1052
5208	1	1067
5209	28	1062
5210	6	1062
5211	1	1068
5212	18	9
5213	4	9
5214	1	1058
5215	6	1068
5216	10	1057
5217	1	9
5218	38	7
5219	5	1062
5220	65	1062
5221	38	1062
5222	6	1062
5223	2	1067
5224	4	9
5225	3	1073
5226	2	9
5227	66	1064
5228	14	1062
5229	5	1062
5230	5	1062
5231	8	1063
5232	1	1067
5233	5	1062
5234	7	1061
5235	14	1053
5236	34	1061
5237	18	1062
5238	32	1062
5239	18	1062
5240	2	1067
5241	42	9
5242	39	1053
5243	94	1062
5244	13	1061
5245	37	1063
5246	23	1061
5247	5	1063
5248	7	1061
5249	35	1063
5250	26	1060
5251	2	7
5252	33	7
5253	19	1049
5254	2	1067
5255	9	9
5256	1	1058
5257	8	1062
5258	10	1062
5259	2	9
5260	3	7
5261	10	2834
5262	55	1062
5263	9	1063
5264	18	1062
5265	3	1059
5266	27	10
5267	33	9
5268	12	1052
5269	6	7
5270	14	1045
5271	3	1073
5272	2	9
5273	17	1062
5274	12	1062
5275	2	1073
5276	1	9
5277	3	1067
5278	6	9
5279	22	1053
5280	3	1068
5281	2	1073
5282	2	9
5283	4	1062
5284	1	1067
5285	18	1063
5286	2	1067
5287	11	1062
5288	5	1062
5289	18	1062
5290	2	1068
5291	14	1062
5292	1	1067
5293	5	1062
5294	1	1071
5295	4	1081
5296	2	13
5297	5	1075
5298	5	13
5299	26	1059
5300	5	1072
5301	8	1068
5302	15	1061
5303	9	1067
5304	17	1062
5305	2	1070
5306	6	10
5307	23	1070
5308	19	1058
5309	191	1066
5310	17	1062
5311	5	10
5312	14	1053
5313	2	1074
5314	1	10
5315	24	1063
5316	2	1069
5317	11	1062
5318	4	1062
5319	1	7
5320	1	7
5321	4	1071
5322	22	11
5323	13	1054
5324	15	1062
5325	7	1064
5326	7	1062
5327	3	1070
5328	9	10
5329	41	1063
5330	66	1063
5331	6	10
5332	7	1051
5333	13	16
5334	12	1048
5335	9	1065
5336	1	1067
5337	17	1064
5338	55	1064
5339	43	1063
5340	23	1063
5341	5	1064
5342	5	1063
5343	3	10
5344	4	1063
5345	6	1069
5346	10	1062
5347	63	1065
5348	4	1061
5349	6	1064
5350	1	1067
5351	2	1068
5352	3	10
5353	40	1066
5354	50	1061
5355	4	1069
5356	46	10
5357	4	1062
5358	3	1076
5359	55	1045
5360	3	1068
5361	1	1068
5362	7	10
5363	1	10
5364	1	11
5365	23	11
5366	15	1053
5367	1	7
5368	6	7
5369	61	1064
5370	16	1067
5371	7	11
5372	5	1051
5373	6	9
5374	51	1052
5375	2	9
5376	13	7
5377	1	1063
5378	2	9
5379	22	1062
5380	29	1062
5381	123	9
5382	4	1052
5383	7	1062
5384	22	1062
5385	38	1062
5386	6	1062
5387	2	1073
5388	2	9
5389	7	1062
5390	1	1068
5391	38	9
5392	61	1054
5393	4	1070
5394	13	9
5395	80	10
5396	39	1051
5397	6	1062
5398	37	1062
5399	100	10
5400	37	1051
5401	43	9
5402	95	1053
5403	43	9
5404	26	1052
5405	4	1062
5406	5	1062
5407	1	1068
5408	6	9
5409	10	1055
5410	101	1062
5411	7	1062
5412	17	1061
5413	56	1062
5414	16	1061
5415	28	1063
5416	16	1061
5417	32	1061
5418	15	1062
5419	76	1062
5420	108	1061
5421	76	1063
5422	88	1062
5423	46	1059
5424	25	1061
5425	49	1059
5426	132	1061
5427	19	1062
5428	29	1060
5429	22	1062
5430	5	1061
5431	52	1063
5432	15	1061
5433	25	1063
5434	66	1062
5435	7	1062
5436	2	1063
5437	21	1062
5438	2	1061
5439	48	1062
5440	1	1061
5441	5	9
5442	25	1058
5443	3	1074
5444	2	9
5445	18	1053
5446	108	1064
5447	27	1062
5448	13	1061
5449	3	1062
5450	7	9
5451	9	1062
5452	96	1062
5453	1	1062
5454	1	9
5455	2	1062
5456	24	9
5457	13	1062
5458	3	1061
5459	1	1062
5460	22	9
5461	2	1062
5462	54	9
5463	101	9
5464	17	1058
5465	346	1063
5466	36	2117
5467	148	1063
5468	25	1061
5469	37	1062
5470	155	1061
5471	51	1060
5472	256	1061
5473	4	1062
5474	44	1062
5475	28	1054
5476	109	1062
5477	61	1062
5478	43	1061
5479	121	1063
5480	186	1063
5481	16	1060
5482	119	1039
5483	2	1058
5484	5	9
5485	3	1058
5486	1	9
5487	3	1062
5488	13	9
5489	6	9
5490	12	1058
5491	4	1063
5492	6	1061
5493	1	1062
5494	12	9
5495	24	1059
5496	6	1062
5497	1	9
5498	113	8
5499	4	1062
5500	4	1061
5501	6	9
5502	19	1058
5503	22	1062
5504	11	1062
5505	20	1063
5506	34	1062
5507	108	1064
5508	28	1061
5509	23	1061
5510	135	1063
5511	11	1059
5512	90	1061
5513	27	1058
5514	6	1062
5515	205	1063
5516	10	1061
5517	147	1063
5518	25	1061
5519	14	1062
5520	347	1062
5521	291	1064
5522	221	2115
5523	25	1063
5524	266	1062
5525	44	1062
5526	100	1061
5527	55	1062
5528	513	1062
5529	308	1060
5530	12	2115
5531	3	1057
5532	143	10
5533	4	9
5534	26	1058
5535	19	1062
5536	27	1062
5537	7	1062
5538	4	1061
5539	28	1058
5540	1	1061
5541	10	1062
5542	11	1062
5543	3	9
5544	3	1058
5545	14	9
5546	3	1058
5547	1	9
5548	4	7
5549	1	1058
5550	14	9
5551	5	1062
5552	1	1062
5553	5	1062
5554	4	1062
5555	14	1062
5556	19	1062
5557	65	1063
5558	24	1064
5559	8	1058
5560	23	1062
5561	60	1059
5562	12	1061
5563	7	1062
5564	15	1062
5565	2	9
5566	7	7
5567	66	1063
5568	74	1062
5569	26	9
5570	19	1060
5571	31	1060
5572	1	1061
5573	4	1062
5574	13	1062
5575	11	1062
5576	25	1062
5577	1	1059
5578	6	9
5579	1	1062
5580	3	9
5581	6	1062
5582	99	1063
5583	17	1059
5584	4	1062
5585	15	1059
5586	24	1061
5587	12	1062
5588	4	1062
5589	16	9
5590	1	1060
5591	13	1056
5592	14	1062
5593	9	9
5594	19	1054
5595	77	1063
5596	9	1061
5597	71	1062
5598	139	1061
5599	44	1062
5600	11	1061
5601	118	10
5602	39	1058
5603	26	1062
5604	7	1062
5605	1	1058
5606	10	9
5607	7	1036
5608	13	1061
5609	175	1063
5610	1	1061
5611	13	1062
5612	3	1062
5613	7	1063
5614	2	1061
5615	2	1062
5616	3	9
5617	15	1063
5618	34	1061
5619	3	9
5620	8	1059
5621	12	1062
5622	4	1062
5623	5	1063
5624	17	1063
5625	44	1059
5626	11	1061
5627	21	1062
5628	27	1061
5629	19	1056
5630	94	1063
5631	2	1062
5632	14	9
5633	9	1059
5634	10	1061
5635	7	1062
5636	11	1062
5637	2	1059
5638	9	9
5639	11	1062
5640	46	1062
5641	34	1061
5642	5	1062
5643	1	1062
5644	11	9
5645	10	1062
5646	18	1061
5647	11	1062
5648	8	1062
5649	24	1062
5650	20	1062
5651	58	1059
5652	168	1062
5653	3	1062
5654	6	9
5655	32	1062
5656	8	1062
5657	13	9
5658	2	1059
5659	137	9
5660	101	1060
5661	30	1059
5662	8	1062
5663	49	1062
5664	184	1062
5665	49	1062
5666	90	1062
5667	127	1059
5668	183	1062
5669	43	9
5670	328	1060
5671	75	1059
5672	70	1061
5673	76	1060
5674	232	1062
5675	16	10
5676	30	1051
5677	52	1062
5678	17	1062
5679	82	1057
5680	22	1063
5681	161	1063
5682	52	1063
5683	116	9
5684	6	1052
5685	4	1063
5686	33	1063
5687	38	1064
5688	10	1062
5689	1	9
5690	4	7
5691	9	9
5692	17	1052
5693	2	9
5694	26	12
5695	70	9
5696	35	1052
5697	15	1063
5698	12	1063
5699	12	1053
5700	38	1063
5701	4	1064
5702	4	1068
5703	32	1063
5704	4	1062
5705	74	12
5706	10	1049
5707	21	1063
5708	14	1062
5709	1	1059
5710	6	9
5711	27	1063
5712	48	1037
5713	17	1063
5714	6	1063
5715	5	1054
5716	3	1068
5717	61	1063
5718	10	1063
5719	26	1054
5720	13	1062
5721	10	1063
5722	28	1063
5723	3	1069
5724	36	10
5725	19	1064
5726	8	1062
5727	2	1069
5728	11	9
5729	13	1054
5730	4	1062
5731	35	1063
5732	18	1062
5733	5	1063
5734	19	1063
5735	2	1069
5736	7	9
5737	1	1069
5738	18	9
5739	33	10
5740	45	1051
5741	65	1054
5742	8	1063
5743	2	1058
5744	53	9
5745	40	1053
5746	13	1063
5747	43	1055
5748	40	1062
5749	13	1063
5750	16	1062
5751	6	9
5752	2	1058
5753	9	1063
5754	2	1068
5755	4	1063
5756	16	1062
5757	14	1064
5758	2	1068
5759	1	1069
5760	10	8
5761	3	1069
5762	54	8
5763	2	1060
5764	6	8
5765	6	1055
5766	5	1063
5767	7	1063
5768	157	1063
5769	37	8
5770	20	1053
5771	37	1064
5772	2	1068
5773	12	1063
5774	41	1063
5775	3	8
5776	14	1054
5777	7	1063
5778	3	1074
5779	34	1048
5780	2	1069
5781	21	1063
5782	3	1073
5783	10	1045
5784	5	1063
5785	10	8
5786	1	1059
5787	5	1063
5788	46	1063
5789	17	1063
5790	5	1062
5791	22	1049
5792	4	1063
5793	30	1063
5794	9	1063
5795	24	1063
5796	4	1097
5797	43	1063
5798	25	1063
5799	11	1061
5800	9	1063
5801	3	1074
5802	5	10
5803	8	1063
5804	11	1063
5805	9	1055
5806	5	1062
5807	3	1069
5808	17	8
5809	7	1064
5810	2	1068
5811	5	8
5812	1	1059
5813	45	1063
5814	6	1062
5815	10	1063
5816	2	1069
5817	7	1055
5818	5	1062
5819	6	1064
5820	5	1062
5821	20	1064
5822	7	1063
5823	23	1063
5824	1	1069
5825	15	8
5826	23	1053
5827	12	1063
5828	1	1075
5829	1	8
5830	16	6
5831	20	1049
5832	1	1069
5833	41	8
5834	3	1060
5835	24	8
5836	4	1053
5837	8	1064
5838	4	1085
5839	2	8
5840	2	6
5841	1	6
5842	24	6
5843	9	1036
5844	23	1063
5845	74	1064
5846	35	1062
5847	8	1063
5848	9	1063
5849	7	1063
5850	57	1063
5851	25	1063
5852	4	1070
5853	48	8
5854	32	1054
5855	42	1063
5856	3	1069
5857	16	8
5858	27	1054
5859	50	1064
5860	24	1062
5861	35	1063
5862	4	1062
5863	13	1063
5864	35	1063
5865	36	1063
5866	7	1063
5867	12	1065
5868	8	1062
5869	8	1063
5870	12	1062
5871	8	1066
5872	6	1062
5873	34	1064
5874	4	1069
5875	13	8
5876	7	1057
5877	6	1058
5878	60	1062
5879	3	1063
5880	4	8
5881	3	1063
5882	26	8
5883	10	1057
5884	19	1062
5885	21	1063
5886	25	1061
5887	2	1063
5888	16	8
5889	26	1060
5890	11	1062
5891	7	1062
5892	17	1062
5893	19	1062
5894	3	1061
5895	5	8
5896	30	1060
5897	8	1062
5898	23	1062
5899	8	1063
5900	7	1061
5901	12	1063
5902	13	1061
5903	17	1063
5904	8	1062
5905	6	1063
5906	5	1062
5907	1	1062
5908	4	8
5909	51	1064
5910	81	1062
5911	8	1063
5912	33	1062
5913	1	1069
5914	48	8
5915	16	1054
5916	6	1062
5917	4	1064
5918	19	9
5919	10	1055
5920	1	1062
5921	3	7
5922	96	1061
5923	4	1062
5924	5	1062
5925	2	1062
5926	1	8
5927	15	6
5928	5	1060
5929	13	1063
5930	29	1061
5931	16	1063
5932	7	1062
5933	35	1063
5934	2	1061
5935	4	7
5936	1	1060
5937	5	8
5938	2	1062
5939	2	8
5940	3	6
5941	1	1060
5942	4	7
5943	10	1060
5944	23	1062
5945	4	1062
5946	4	1061
5947	1	1063
5948	17	8
5949	18	1059
5950	5	1062
5951	86	1063
5952	8	1061
5953	5	1062
5954	16	1062
5955	45	1063
5956	19	1062
5957	4	1062
5958	33	1062
5959	19	1062
5960	8	1062
5961	11	1062
5962	12	1062
5963	2	1063
5964	5	9
5965	6	1054
5966	8	1063
5967	3	1069
5968	10	8
5969	3	1062
5970	16	8
5971	27	1055
5972	23	1063
5973	4	1063
5974	2	1068
5975	10	8
5976	8	1054
5977	3	1080
5978	2	8
5979	2	6
5980	7	6
5981	81	1042
5982	4	1069
5983	11	8
5984	1	1060
5985	4	8
5986	4	1054
5987	38	1063
5988	2	1068
5989	6	8
5990	12	1054
5991	3	1074
5992	2	8
5993	3	6
5994	20	1047
5995	4	1062
5996	4	1068
5997	12	8
5998	16	1053
5999	4	1063
6000	5	1061
6001	10	1063
6002	11	1061
6003	2	1074
6004	2	8
6005	8	9
6006	5	1045
6007	5	1063
6008	13	1062
6009	44	1062
6010	8	1062
6011	4	1063
6012	13	1061
6013	2	1053
6014	2	9
6015	64	6
6016	28	1057
6017	17	1062
6018	3	1062
6019	11	8
6020	5	1060
6021	3	1063
6022	6	11
6023	4	1057
6024	2	1061
6025	13	8
6026	7	1060
6027	16	1061
6028	20	1062
6029	2	1063
6030	9	7
6031	22	1060
6032	20	1061
6033	5	1062
6034	23	1062
6035	21	1063
6036	1	1061
6037	1	7
6038	6	6
6039	16	1061
6040	4	1062
6041	17	1065
6042	3	1069
6043	5	8
6044	10	1053
6045	14	1755
6046	11	1431
6047	13	3134
6048	12	13590
6049	16	7
6050	23	6
6051	3	6
6052	82	6
6053	27	6
6054	7	6
6055	1	6
6056	12	6
6057	27	14
6058	22	6
6059	30	6
6060	5	6
6061	9	7
6062	7	124
6063	31	1066
6064	10	1062
6065	1	1062
6066	2	7
6067	4	6
6068	5	1059
6069	12	1063
6070	29	1061
6071	1	1062
6072	7	7
6073	1	1061
6074	4	11
6075	82	1058
6076	59	1061
6077	35	1062
6078	49	1063
6079	15	1069
6080	20	1057
6081	35	1060
6082	7	1067
6083	8	1064
6084	2	1067
6085	57	8
6086	1	1065
6087	25	8
6088	9	1066
6089	8	1078
6090	3	1041
6091	17	10
6092	8	1054
6093	4	1070
6094	5	11
6095	10	1064
6096	21	1067
6097	2	1069
6098	12	10
6099	4	1066
6100	16	10
6101	3	1063
6102	26	10
6103	19	1094
6104	2	1064
6105	7	12
6106	35	1060
6107	43	1067
6108	70	1066
6109	42	1068
6110	21	1065
6111	72	1067
6112	42	1065
6113	20	1067
6114	31	1067
6115	1	1065
6116	15	11
6117	17	1036
6118	12	1063
6119	2	1065
6120	10	11
6121	21	1061
6122	1	1066
6123	29	11
6124	10	1063
6125	9	1066
6126	1	1064
6127	1	10
6128	16	8
6129	31	1067
6130	2	1065
6131	4	11
6132	12	1062
6133	6	1091
6134	38	15
6135	12	1059
6136	2	1067
6137	1	15
6138	2	8
6139	14	9
6140	70	1054
6141	6	1065
6142	4	1066
6143	66	11
6144	4	1062
6145	26	10
6146	6	1068
6147	1	12
6148	29	9
6149	92	1060
6150	65	1063
6151	15	1064
6152	1	1063
6153	8	10
6154	26	1063
6155	39	1063
6156	4	1064
6157	10	10
6158	41	1088
6159	21	1452
6160	1	6743
6161	18	23
6162	6	1478
6163	4	14
6164	4	1073
6165	6	15
6166	8	1056
6167	12	1061
6168	10	1066
6169	3	1156
6170	32	10
6171	2	3518
6172	4	14
6173	2	5521
6174	91	28
6175	9	1027
6176	12	1076
6177	21	1068
6178	5	1074
6179	18	10
6180	14	1056
6181	18	1067
6182	19	1067
6183	2	1070
6184	7	8
6185	3	1062
6186	12	8
6187	3	1062
6188	5	8
6189	3	1061
6190	37	8
6191	17	1054
6192	3	1068
6193	12	11
6194	55	1052
6195	7	1063
6196	1	1069
6197	6	8
6198	13	1054
6199	4	1076
6200	13	12
6201	1	1067
6202	7	11
6203	53	1051
6204	7	1063
6205	22	1067
6206	2	1071
6207	5	9
6208	2	1060
6209	82	10
6210	89	1054
6211	13	1066
6212	30	1064
6213	53	1065
6214	3	1069
6215	7	9
6216	4	1061
6217	6	8
6218	12	1055
6219	4	1070
6220	11	8
6221	9	1054
6222	12	1063
6223	4	1076
6224	2	9
6225	4	6
6226	22	1047
6227	6	1063
6228	22	1063
6229	9	1063
6230	1	1071
6231	28	8
6232	7	1053
6233	4	1071
6234	45	9
6235	49	1056
6236	7	1062
6237	15	1065
6238	17	1062
6239	3	1071
6240	4	8
6241	7	1055
6242	5	1065
6243	8	1062
6244	10	1062
6245	20	1065
6246	34	1063
6247	1	7354
